# Frameworks Plus Version : 07.03.00.13
Packet 00
"SDNF Version 3.0"
""
""
""
""
"6/27/13" "14:27:12"
0 ""
""
0
Packet 10
"meters" 197   
00100154 5 0 0 "Column" ""  0
"H250X250" "A36" 90.000000 0 0
1.000000 0.000000 0.000000 6845.500000 6971.295000 24.300000 6845.500000 6971.295000 29.600000 0.000000 0.000000
0.000000 0.000000
0.000000 0.000000 0.000000 0.000000 0.000000 0.000000
0 0 0 0 0 0 0 0 0 0 0 0
0 ""  0 "11/02/11" "15:43:33" "11/01/12" "15:11:38" 0 0 
0 0 0 0 0 0 0 0 0 0 0 0 
0 0 0.000000 0 0 0.000000 0.000000 
0 0 0 0 0 0
00100155 5 0 0 "Column" ""  0
"H250X250" "A36" 90.000000 0 0
1.000000 0.000000 0.000000 6845.500000 6967.295000 24.300000 6845.500000 6967.295000 29.600000 0.000000 0.000000
0.000000 0.000000
0.000000 0.000000 0.000000 0.000000 0.000000 0.000000
0 0 0 0 0 0 0 0 0 0 0 0
0 ""  0 "11/02/11" "15:43:38" "11/01/12" "15:11:38" 0 0 
0 0 0 0 0 0 0 0 0 0 0 0 
0 0 0.000000 0 0 0.000000 0.000000 
0 0 0 0 0 0
00100156 5 0 0 "Column" ""  0
"H250X250" "A36" 90.000000 0 0
1.000000 0.000000 0.000000 6845.500000 6963.295000 24.300000 6845.500000 6963.295000 29.600000 0.000000 0.000000
0.000000 0.000000
0.000000 0.000000 0.000000 0.000000 0.000000 0.000000
0 0 0 0 0 0 0 0 0 0 0 0
0 ""  0 "11/02/11" "15:43:40" "11/01/12" "15:11:38" 0 0 
0 0 0 0 0 0 0 0 0 0 0 0 
0 0 0.000000 0 0 0.000000 0.000000 
0 0 0 0 0 0
00100157 5 0 0 "Column" ""  0
"H250X250" "A36" 90.000000 0 0
1.000000 0.000000 0.000000 6850.000000 6963.295000 24.300000 6850.000000 6963.295000 29.600000 0.000000 0.000000
0.000000 0.000000
0.000000 0.000000 0.000000 0.000000 0.000000 0.000000
0 0 0 0 0 0 0 0 0 0 0 0
0 ""  0 "11/02/11" "15:43:41" "11/01/12" "15:11:38" 0 0 
0 0 0 0 0 0 0 0 0 0 0 0 
0 0 0.000000 0 0 0.000000 0.000000 
0 0 0 0 0 0
00100158 5 0 0 "Column" ""  0
"H250X250" "A36" 90.000000 0 0
1.000000 0.000000 0.000000 6850.000000 6967.295000 24.300000 6850.000000 6967.295000 29.500000 0.000000 0.000000
0.000000 0.000000
0.000000 0.000000 0.000000 0.000000 0.000000 0.000000
0 0 0 0 0 0 0 0 0 0 0 0
0 ""  0 "11/02/11" "15:43:42" "11/01/12" "15:11:38" 0 0 
0 0 0 0 0 0 0 0 0 0 0 0 
0 0 0.000000 0 0 0.000000 0.000000 
0 0 0 0 0 0
00100159 5 0 0 "Column" ""  0
"H250X250" "A36" 90.000000 0 0
1.000000 0.000000 0.000000 6850.000000 6971.295000 24.300000 6850.000000 6971.295000 29.500000 0.000000 0.000000
0.000000 0.000000
0.000000 0.000000 0.000000 0.000000 0.000000 0.000000
0 0 0 0 0 0 0 0 0 0 0 0
0 ""  0 "11/02/11" "15:43:44" "12/26/12" "14:51:22" 0 0 
0 0 0 0 0 0 0 0 0 0 0 0 
0 0 0.000000 0 0 0.000000 0.000000 
0 0 0 0 0 0
00100160 5 0 0 "Column" ""  0
"H250X250" "A36" 90.000000 0 0
1.000000 0.000000 0.000000 6854.500000 6971.295000 24.300000 6854.500000 6971.295000 29.600000 0.000000 0.000000
0.000000 0.000000
0.000000 0.000000 0.000000 0.000000 0.000000 0.000000
0 0 0 0 0 0 0 0 0 0 0 0
0 ""  0 "11/02/11" "15:43:44" "11/01/12" "15:11:38" 0 0 
0 0 0 0 0 0 0 0 0 0 0 0 
0 0 0.000000 0 0 0.000000 0.000000 
0 0 0 0 0 0
00100161 5 0 0 "Column" ""  0
"H250X250" "A36" 90.000000 0 0
1.000000 0.000000 0.000000 6854.500000 6967.295000 24.300000 6854.500000 6967.295000 29.600000 0.000000 0.000000
0.000000 0.000000
0.000000 0.000000 0.000000 0.000000 0.000000 0.000000
0 0 0 0 0 0 0 0 0 0 0 0
0 ""  0 "11/02/11" "15:43:45" "11/01/12" "15:11:38" 0 0 
0 0 0 0 0 0 0 0 0 0 0 0 
0 0 0.000000 0 0 0.000000 0.000000 
0 0 0 0 0 0
00100660 5 0 0 "Column" ""  0
"H250X250" "A36" 90.000000 0 0
1.000000 0.000000 0.000000 6845.500000 6959.295000 24.300000 6845.500000 6959.295000 28.100000 0.000000 0.000000
0.000000 0.000000
0.000000 0.000000 0.000000 0.000000 0.000000 0.000000
0 0 0 0 0 0 0 0 0 0 0 0
0 ""  0 "2/07/12" "14:11:33" "11/01/12" "15:11:38" 0 0 
0 0 0 0 0 0 0 0 0 0 0 0 
0 0 0.000000 0 0 0.000000 0.000000 
0 0 0 0 0 0
00100661 5 0 0 "Column" ""  0
"H250X250" "A36" 90.000000 0 0
1.000000 0.000000 0.000000 6850.000000 6959.295000 24.300000 6850.000000 6959.295000 28.100000 0.000000 0.000000
0.000000 0.000000
0.000000 0.000000 0.000000 0.000000 0.000000 0.000000
0 0 0 0 0 0 0 0 0 0 0 0
0 ""  0 "2/07/12" "14:11:33" "11/01/12" "15:11:38" 0 0 
0 0 0 0 0 0 0 0 0 0 0 0 
0 0 0.000000 0 0 0.000000 0.000000 
0 0 0 0 0 0
00100663 5 0 0 "Column" ""  0
"H250X250" "A36" 90.000000 0 0
1.000000 0.000000 0.000000 6854.500000 6959.295000 24.300000 6854.500000 6959.295000 28.100000 0.000000 0.000000
0.000000 0.000000
0.000000 0.000000 0.000000 0.000000 0.000000 0.000000
0 0 0 0 0 0 0 0 0 0 0 0
0 ""  0 "2/07/12" "14:11:49" "11/01/12" "15:11:38" 0 0 
0 0 0 0 0 0 0 0 0 0 0 0 
0 0 0.000000 0 0 0.000000 0.000000 
0 0 0 0 0 0
00100669 5 0 0 "Column" ""  0
"H250X250" "A36" 90.000000 0 0
1.000000 0.000000 0.000000 6854.500000 6963.295000 24.300000 6854.500000 6963.295000 29.600000 0.000000 0.000000
0.000000 0.000000
0.000000 0.000000 0.000000 0.000000 0.000000 0.000000
0 0 0 0 0 0 0 0 0 0 0 0
0 ""  0 "2/07/12" "14:15:13" "11/01/12" "15:11:38" 0 0 
0 0 0 0 0 0 0 0 0 0 0 0 
0 0 0.000000 0 0 0.000000 0.000000 
0 0 0 0 0 0
00100712 8 0 0 "Beam" ""  0
"H350X175" "A36" 0.000000 0 0
0.000000 0.000000 1.000000 6845.500000 6959.295000 28.000000 6845.500000 6963.295000 28.000000 0.000000 0.000000
0.000000 0.000000
0.000000 0.000000 0.000000 0.000000 0.000000 0.000000
0 0 0 0 0 0 0 0 0 0 0 0
0 ""  0 "5/10/12" "13:52:17" "11/01/12" "15:11:38" 0 0 
0 0 0 0 0 0 0 0 0 0 0 0 
0 0 0.000000 0 0 0.000000 0.000000 
0 0 0 0 0 0
00100717 8 0 0 "Beam" ""  0
"H350X175" "A36" 0.000000 0 0
0.000000 0.000000 1.000000 6850.000000 6959.295000 28.000000 6850.000000 6963.295000 28.000000 0.000000 0.000000
0.000000 0.000000
0.000000 0.000000 0.000000 0.000000 0.000000 0.000000
0 0 0 0 0 0 0 0 0 0 0 0
0 ""  0 "5/10/12" "13:52:27" "11/01/12" "15:11:38" 0 0 
0 0 0 0 0 0 0 0 0 0 0 0 
0 0 0.000000 0 0 0.000000 0.000000 
0 0 0 0 0 0
00100720 8 0 0 "Beam" ""  0
"H350X175" "A36" 0.000000 0 0
0.000000 0.000000 1.000000 6854.500000 6959.295000 28.000000 6854.500000 6963.295000 28.000000 0.000000 0.000000
0.000000 0.000000
0.000000 0.000000 0.000000 0.000000 0.000000 0.000000
0 0 0 0 0 0 0 0 0 0 0 0
0 ""  0 "5/10/12" "13:52:32" "11/01/12" "15:11:38" 0 0 
0 0 0 0 0 0 0 0 0 0 0 0 
0 0 0.000000 0 0 0.000000 0.000000 
0 0 0 0 0 0
00100723 8 0 0 "Beam" ""  0
"H350X175" "A36" 0.000000 0 0
0.000000 0.000000 1.000000 6845.500000 6959.295000 28.000000 6850.000000 6959.295000 28.000000 0.000000 0.000000
0.000000 0.000000
0.000000 0.000000 0.000000 0.000000 0.000000 0.000000
0 0 0 0 0 0 0 0 0 0 0 0
0 ""  0 "5/10/12" "13:52:41" "11/01/12" "15:11:38" 0 0 
0 0 0 0 0 0 0 0 0 0 0 0 
0 0 0.000000 0 0 0.000000 0.000000 
0 0 0 0 0 0
00100724 8 0 0 "Beam" ""  0
"H350X175" "A36" 0.000000 0 0
0.000000 0.000000 1.000000 6850.000000 6959.295000 28.000000 6854.500000 6959.295000 28.000000 0.000000 0.000000
0.000000 0.000000
0.000000 0.000000 0.000000 0.000000 0.000000 0.000000
0 0 0 0 0 0 0 0 0 0 0 0
0 ""  0 "5/10/12" "13:52:42" "11/01/12" "15:11:38" 0 0 
0 0 0 0 0 0 0 0 0 0 0 0 
0 0 0.000000 0 0 0.000000 0.000000 
0 0 0 0 0 0
00100790 8 0 0 "Beam" ""  0
"H350X175" "A36" 0.000000 0 0
0.000000 0.000000 1.000000 6845.500000 6963.295000 28.000000 6850.000000 6963.295000 28.000000 0.000000 0.000000
0.000000 0.000000
0.000000 0.000000 0.000000 0.000000 0.000000 0.000000
0 0 0 0 0 0 0 0 0 0 0 0
0 ""  0 "5/11/12" "12:02:18" "11/01/12" "15:11:38" 0 0 
0 0 0 0 0 0 0 0 0 0 0 0 
0 0 0.000000 0 0 0.000000 0.000000 
0 0 0 0 0 0
00100791 8 0 0 "Beam" ""  0
"H350X175" "A36" 0.000000 0 0
0.000000 0.000000 1.000000 6850.000000 6963.295000 28.000000 6854.500000 6963.295000 28.000000 0.000000 0.000000
0.000000 0.000000
0.000000 0.000000 0.000000 0.000000 0.000000 0.000000
0 0 0 0 0 0 0 0 0 0 0 0
0 ""  0 "5/11/12" "12:02:20" "11/01/12" "15:11:38" 0 0 
0 0 0 0 0 0 0 0 0 0 0 0 
0 0 0.000000 0 0 0.000000 0.000000 
0 0 0 0 0 0
00100827 8 0 0 "Beam" ""  0
"H300X150" "A36" 0.000000 0 0
0.000000 0.000000 1.000000 6845.500000 6971.295000 28.000000 6850.000000 6971.295000 28.000000 0.000000 0.000000
0.000000 0.000000
0.000000 0.000000 0.000000 0.000000 0.000000 0.000000
0 0 0 0 0 0 0 0 0 0 0 0
0 ""  0 "6/05/12" "14:03:46" "11/01/12" "15:11:38" 0 0 
0 0 0 0 0 0 0 0 0 0 0 0 
0 0 0.000000 0 0 0.000000 0.000000 
0 0 0 0 0 0
00100828 8 0 0 "Beam" ""  0
"H300X150" "A36" 0.000000 0 0
0.000000 0.000000 1.000000 6850.000000 6971.295000 28.000000 6854.500000 6971.295000 28.000000 0.000000 0.000000
0.000000 0.000000
0.000000 0.000000 0.000000 0.000000 0.000000 0.000000
0 0 0 0 0 0 0 0 0 0 0 0
0 ""  0 "6/05/12" "14:03:47" "11/01/12" "15:11:38" 0 0 
0 0 0 0 0 0 0 0 0 0 0 0 
0 0 0.000000 0 0 0.000000 0.000000 
0 0 0 0 0 0
00100831 8 0 0 "Beam" ""  0
"H300X150" "A36" 0.000000 0 0
0.000000 0.000000 1.000000 6845.500000 6967.295000 28.000000 6850.000000 6967.295000 28.000000 0.000000 0.000000
0.000000 0.000000
0.000000 0.000000 0.000000 0.000000 0.000000 0.000000
0 0 0 0 0 0 0 0 0 0 0 0
0 ""  0 "6/05/12" "14:03:56" "11/01/12" "15:11:38" 0 0 
0 0 0 0 0 0 0 0 0 0 0 0 
0 0 0.000000 0 0 0.000000 0.000000 
0 0 0 0 0 0
00100832 8 0 0 "Beam" ""  0
"H300X150" "A36" 0.000000 0 0
0.000000 0.000000 1.000000 6850.000000 6967.295000 28.000000 6854.500000 6967.295000 28.000000 0.000000 0.000000
0.000000 0.000000
0.000000 0.000000 0.000000 0.000000 0.000000 0.000000
0 0 0 0 0 0 0 0 0 0 0 0
0 ""  0 "6/05/12" "14:03:57" "11/01/12" "15:11:38" 0 0 
0 0 0 0 0 0 0 0 0 0 0 0 
0 0 0.000000 0 0 0.000000 0.000000 
0 0 0 0 0 0
00100837 7 0 0 "Beam" ""  0
"C150X75" "A36" 0.000000 0 0
0.000000 0.000000 1.000000 6845.500000 6959.295000 28.000000 6845.500000 6958.395000 28.000000 0.000000 0.000000
0.000000 0.000000
0.000000 0.000000 0.000000 0.000000 0.000000 0.000000
0 0 0 0 0 0 0 0 0 0 0 0
0 ""  0 "6/05/12" "14:54:02" "11/01/12" "15:11:38" 0 0 
0 0 0 0 0 0 0 0 0 0 0 0 
0 0 0.000000 0 0 0.000000 0.000000 
0 0 0 0 0 0
00100838 7 0 0 "Beam" ""  0
"C150X75" "A36" 0.000000 0 0
0.000000 0.000000 1.000000 6845.500000 6963.295000 29.500000 6845.500000 6962.395000 29.500000 0.000000 0.000000
0.000000 0.000000
0.000000 0.000000 0.000000 0.000000 0.000000 0.000000
0 0 0 0 0 0 0 0 0 0 0 0
0 ""  0 "6/05/12" "14:54:19" "11/01/12" "15:11:38" 0 0 
0 0 0 0 0 0 0 0 0 0 0 0 
0 0 0.000000 0 0 0.000000 0.000000 
0 0 0 0 0 0
00100854 5 0 0 "Column" ""  0
"H200X200" "A36" 0.000000 0 0
1.000000 0.000000 0.000000 6845.500000 6974.295000 24.300000 6845.500000 6974.295000 29.600000 0.000000 0.000000
0.000000 0.000000
0.000000 0.000000 0.000000 0.000000 0.000000 0.000000
0 0 0 0 0 0 0 0 0 0 0 0
0 ""  0 "8/09/12" "15:10:25" "11/01/12" "15:11:38" 0 0 
0 0 0 0 0 0 0 0 0 0 0 0 
0 0 0.000000 0 0 0.000000 0.000000 
0 0 0 0 0 0
00100855 5 0 0 "Column" ""  0
"H200X200" "A36" 0.000000 0 0
1.000000 0.000000 0.000000 6850.000000 6974.295000 24.300000 6850.000000 6974.295000 29.600000 0.000000 0.000000
0.000000 0.000000
0.000000 0.000000 0.000000 0.000000 0.000000 0.000000
0 0 0 0 0 0 0 0 0 0 0 0
0 ""  0 "8/09/12" "15:10:25" "11/01/12" "15:11:38" 0 0 
0 0 0 0 0 0 0 0 0 0 0 0 
0 0 0.000000 0 0 0.000000 0.000000 
0 0 0 0 0 0
00100861 8 0 0 "Beam" ""  0
"H350X175" "A36" 0.000000 0 0
0.000000 0.000000 1.000000 6847.800000 6959.295000 28.000000 6847.800000 6963.295000 28.000000 0.000000 0.000000
0.000000 0.000000
0.000000 0.000000 0.000000 0.000000 0.000000 0.000000
0 0 0 0 0 0 0 0 0 0 0 0
0 ""  0 "8/09/12" "16:38:38" "1/14/13" "14:12:52" 0 0 
0 0 0 0 0 0 0 0 0 0 0 0 
0 0 0.000000 0 0 0.000000 0.000000 
0 0 0 0 0 0
00100864 8 0 0 "Beam" ""  0
"H350X175" "A36" 0.000000 0 0
0.000000 0.000000 1.000000 6850.500000 6959.295000 28.000000 6850.500000 6963.295000 28.000000 0.000000 0.000000
0.000000 0.000000
0.000000 0.000000 0.000000 0.000000 0.000000 0.000000
0 0 0 0 0 0 0 0 0 0 0 0
0 ""  0 "8/09/12" "16:38:51" "11/01/12" "15:11:38" 0 0 
0 0 0 0 0 0 0 0 0 0 0 0 
0 0 0.000000 0 0 0.000000 0.000000 
0 0 0 0 0 0
00100867 8 0 0 "Beam" ""  0
"H194X150" "A36" 0.000000 0 0
0.000000 0.000000 1.000000 6852.500000 6959.295000 28.000000 6852.500000 6963.295000 28.000000 0.000000 0.000000
0.000000 0.000000
0.000000 0.000000 0.000000 0.000000 0.000000 0.000000
0 0 0 0 0 0 0 0 0 0 0 0
0 ""  0 "8/09/12" "16:39:10" "11/01/12" "15:11:38" 0 0 
0 0 0 0 0 0 0 0 0 0 0 0 
0 0 0.000000 0 0 0.000000 0.000000 
0 0 0 0 0 0
00100869 7 0 0 "Beam" ""  0
"C150X75" "A36" 0.000000 0 0
0.000000 0.000000 1.000000 6845.500000 6962.675000 28.000000 6847.800000 6962.675000 28.000000 0.000000 0.000000
0.000000 0.000000
0.000000 0.000000 0.000000 0.000000 0.000000 0.000000
0 0 0 0 0 0 0 0 0 0 0 0
0 ""  0 "8/09/12" "16:55:33" "11/01/12" "15:11:38" 0 0 
0 0 0 0 0 0 0 0 0 0 0 0 
0 0 0.000000 0 0 0.000000 0.000000 
0 0 0 0 0 0
00100870 7 0 0 "Beam" ""  0
"C150X75" "A36" 0.000000 0 0
0.000000 0.000000 1.000000 6847.800000 6962.675000 28.000000 6850.000000 6962.675000 28.000000 0.000000 0.000000
0.000000 0.000000
0.000000 0.000000 0.000000 0.000000 0.000000 0.000000
0 0 0 0 0 0 0 0 0 0 0 0
0 ""  0 "8/09/12" "16:55:36" "11/01/12" "15:11:38" 0 0 
0 0 0 0 0 0 0 0 0 0 0 0 
0 0 0.000000 0 0 0.000000 0.000000 
0 0 0 0 0 0
00100871 7 0 0 "Beam" ""  0
"C150X75" "A36" 0.000000 0 0
0.000000 0.000000 1.000000 6850.500000 6962.675000 28.000000 6852.500000 6962.675000 28.000000 0.000000 0.000000
0.000000 0.000000
0.000000 0.000000 0.000000 0.000000 0.000000 0.000000
0 0 0 0 0 0 0 0 0 0 0 0
0 ""  0 "8/09/12" "16:55:40" "11/01/12" "15:11:38" 0 0 
0 0 0 0 0 0 0 0 0 0 0 0 
0 0 0.000000 0 0 0.000000 0.000000 
0 0 0 0 0 0
00100872 7 0 0 "Beam" ""  0
"C150X75" "A36" 0.000000 0 0
0.000000 0.000000 1.000000 6852.500000 6962.675000 28.000000 6854.500000 6962.675000 28.000000 0.000000 0.000000
0.000000 0.000000
0.000000 0.000000 0.000000 0.000000 0.000000 0.000000
0 0 0 0 0 0 0 0 0 0 0 0
0 ""  0 "8/09/12" "16:55:42" "11/01/12" "15:11:38" 0 0 
0 0 0 0 0 0 0 0 0 0 0 0 
0 0 0.000000 0 0 0.000000 0.000000 
0 0 0 0 0 0
00100873 7 0 0 "Beam" ""  0
"C150X75" "A36" 0.000000 0 0
0.000000 0.000000 1.000000 6845.500000 6959.915000 28.000000 6847.800000 6959.915000 28.000000 0.000000 0.000000
0.000000 0.000000
0.000000 0.000000 0.000000 0.000000 0.000000 0.000000
0 0 0 0 0 0 0 0 0 0 0 0
0 ""  0 "8/09/12" "16:55:50" "11/01/12" "15:11:38" 0 0 
0 0 0 0 0 0 0 0 0 0 0 0 
0 0 0.000000 0 0 0.000000 0.000000 
0 0 0 0 0 0
00100874 7 0 0 "Beam" ""  0
"C150X75" "A36" 0.000000 0 0
0.000000 0.000000 1.000000 6847.800000 6959.915000 28.000000 6850.000000 6959.915000 28.000000 0.000000 0.000000
0.000000 0.000000
0.000000 0.000000 0.000000 0.000000 0.000000 0.000000
0 0 0 0 0 0 0 0 0 0 0 0
0 ""  0 "8/09/12" "16:55:53" "11/01/12" "15:11:38" 0 0 
0 0 0 0 0 0 0 0 0 0 0 0 
0 0 0.000000 0 0 0.000000 0.000000 
0 0 0 0 0 0
00100875 7 0 0 "Beam" ""  0
"C150X75" "A36" 0.000000 0 0
0.000000 0.000000 1.000000 6850.500000 6959.915000 28.000000 6852.500000 6959.915000 28.000000 0.000000 0.000000
0.000000 0.000000
0.000000 0.000000 0.000000 0.000000 0.000000 0.000000
0 0 0 0 0 0 0 0 0 0 0 0
0 ""  0 "8/09/12" "16:55:56" "11/01/12" "15:11:38" 0 0 
0 0 0 0 0 0 0 0 0 0 0 0 
0 0 0.000000 0 0 0.000000 0.000000 
0 0 0 0 0 0
00100876 7 0 0 "Beam" ""  0
"C150X75" "A36" 0.000000 0 0
0.000000 0.000000 1.000000 6852.500000 6959.915000 28.000000 6854.500000 6959.915000 28.000000 0.000000 0.000000
0.000000 0.000000
0.000000 0.000000 0.000000 0.000000 0.000000 0.000000
0 0 0 0 0 0 0 0 0 0 0 0
0 ""  0 "8/09/12" "16:55:58" "11/01/12" "15:11:38" 0 0 
0 0 0 0 0 0 0 0 0 0 0 0 
0 0 0.000000 0 0 0.000000 0.000000 
0 0 0 0 0 0
00100877 8 0 0 "Hbrace" ""  0
"L75X6" "A36" 0.000000 0 0
0.000000 0.000000 1.000000 6845.500000 6963.170000 27.840000 6847.800000 6961.295000 27.840000 0.000000 0.000000
0.000000 0.000000
0.000000 0.000000 0.160000 -0.150000 0.500000 0.160000
0 0 0 0 0 0 0 0 0 0 0 0
0 ""  0 "8/09/12" "17:03:41" "11/01/12" "15:11:38" 0 0 
0 0 0 0 0 0 0 0 0 0 0 0 
0 0 0.000000 0 0 0.000000 0.000000 
0 0 0 0 0 0
00100879 8 0 0 "Hbrace" ""  0
"L75X6" "A36" 0.000000 0 0
0.000000 0.000000 1.000000 6847.800000 6961.295000 27.840000 6850.000000 6963.170000 27.840000 0.000000 0.000000
0.000000 0.000000
0.150000 0.500000 0.160000 0.000000 0.000000 0.160000
0 0 0 0 0 0 0 0 0 0 0 0
0 ""  0 "8/09/12" "17:04:15" "11/01/12" "15:11:38" 0 0 
0 0 0 0 0 0 0 0 0 0 0 0 
0 0 0.000000 0 0 0.000000 0.000000 
0 0 0 0 0 0
00100880 8 0 0 "Hbrace" ""  0
"L75X6" "A36" 0.000000 0 0
0.000000 0.000000 1.000000 6845.500000 6959.420000 27.840000 6847.800000 6961.295000 27.840000 0.000000 0.000000
0.000000 0.000000
0.000000 0.000000 0.160000 -0.150000 -0.500000 0.160000
0 0 0 0 0 0 0 0 0 0 0 0
0 ""  0 "8/09/12" "17:04:49" "11/01/12" "15:11:38" 0 0 
0 0 0 0 0 0 0 0 0 0 0 0 
0 0 0.000000 0 0 0.000000 0.000000 
0 0 0 0 0 0
00100881 8 0 0 "Hbrace" ""  0
"L75X6" "A36" 0.000000 0 0
0.000000 0.000000 1.000000 6847.800000 6961.295000 27.840000 6850.000000 6959.420000 27.840000 0.000000 0.000000
0.000000 0.000000
0.150000 -0.500000 0.160000 0.000000 0.000000 0.160000
0 0 0 0 0 0 0 0 0 0 0 0
0 ""  0 "8/09/12" "17:05:05" "11/01/12" "15:11:38" 0 0 
0 0 0 0 0 0 0 0 0 0 0 0 
0 0 0.000000 0 0 0.000000 0.000000 
0 0 0 0 0 0
00100882 8 0 0 "Beam" ""  0
"H300X150" "A36" 0.000000 0 0
0.000000 0.000000 1.000000 6850.000000 6971.295000 28.000000 6850.000000 6974.295000 28.000000 0.000000 0.000000
0.000000 0.000000
0.000000 0.000000 0.000000 0.000000 0.000000 0.000000
0 0 0 0 0 0 0 0 0 0 0 0
0 ""  0 "8/09/12" "17:05:57" "11/01/12" "15:11:38" 0 0 
0 0 0 0 0 0 0 0 0 0 0 0 
0 0 0.000000 0 0 0.000000 0.000000 
0 0 0 0 0 0
00100883 8 0 0 "Beam" ""  0
"H300X150" "A36" 0.000000 0 0
0.000000 0.000000 1.000000 6850.000000 6974.295000 28.000000 6845.500000 6974.295000 28.000000 0.000000 0.000000
0.000000 0.000000
0.000000 0.000000 0.000000 0.000000 0.000000 0.000000
0 0 0 0 0 0 0 0 0 0 0 0
0 ""  0 "8/09/12" "17:05:59" "11/01/12" "15:11:38" 0 0 
0 0 0 0 0 0 0 0 0 0 0 0 
0 0 0.000000 0 0 0.000000 0.000000 
0 0 0 0 0 0
00100884 8 0 0 "Beam" ""  0
"H300X150" "A36" 0.000000 0 0
0.000000 0.000000 1.000000 6845.500000 6974.295000 27.500000 6845.500000 6971.295000 27.500000 0.000000 0.000000
0.000000 0.000000
0.000000 0.000000 0.000000 0.000000 0.000000 0.000000
0 0 0 0 0 0 0 0 0 0 0 0
0 ""  0 "8/09/12" "17:06:00" "11/01/12" "15:11:38" 0 0 
0 0 0 0 0 0 0 0 0 0 0 0 
0 0 0.000000 0 0 0.000000 0.000000 
0 0 0 0 0 0
00100893 8 0 0 "Beam" ""  0
"H400X200" "A36" 0.000000 0 0
0.000000 0.000000 1.000000 6845.500000 6971.295000 29.500000 6850.000000 6971.295000 29.500000 0.000000 0.000000
0.000000 0.000000
0.000000 0.000000 0.000000 0.000000 0.000000 0.000000
0 0 0 0 0 0 0 0 0 0 0 0
0 ""  0 "8/09/12" "17:25:54" "12/26/12" "13:44:09" 0 0 
0 0 0 0 0 0 0 0 0 0 0 0 
0 0 0.000000 0 0 0.000000 0.000000 
0 0 0 0 0 0
00100894 8 0 0 "Beam" ""  0
"H400X200" "A36" 0.000000 0 0
0.000000 0.000000 1.000000 6850.000000 6971.295000 29.500000 6854.500000 6971.295000 29.500000 0.000000 0.000000
0.000000 0.000000
0.000000 0.000000 0.000000 0.000000 0.000000 0.000000
0 0 0 0 0 0 0 0 0 0 0 0
0 ""  0 "8/09/12" "17:25:55" "11/01/12" "15:11:38" 0 0 
0 0 0 0 0 0 0 0 0 0 0 0 
0 0 0.000000 0 0 0.000000 0.000000 
0 0 0 0 0 0
00100895 8 0 0 "Beam" ""  0
"H400X200" "A36" 0.000000 0 0
0.000000 0.000000 1.000000 6854.500000 6971.295000 29.500000 6854.500000 6967.295000 29.500000 0.000000 0.000000
0.000000 0.000000
0.000000 0.000000 0.000000 0.000000 0.000000 0.000000
0 0 0 0 0 0 0 0 0 0 0 0
0 ""  0 "8/09/12" "17:25:59" "11/01/12" "15:11:38" 0 0 
0 0 0 0 0 0 0 0 0 0 0 0 
0 0 0.000000 0 0 0.000000 0.000000 
0 0 0 0 0 0
00100896 8 0 0 "Beam" ""  0
"H350X175" "A36" 0.000000 0 0
0.000000 0.000000 1.000000 6854.500000 6967.295000 29.500000 6854.500000 6963.295000 29.500000 0.000000 0.000000
0.000000 0.000000
0.000000 0.000000 0.000000 0.000000 0.000000 0.000000
0 0 0 0 0 0 0 0 0 0 0 0
0 ""  0 "8/09/12" "17:26:00" "11/01/12" "15:11:38" 0 0 
0 0 0 0 0 0 0 0 0 0 0 0 
0 0 0.000000 0 0 0.000000 0.000000 
0 0 0 0 0 0
00100897 8 0 0 "Beam" ""  0
"H350X175" "A36" 0.000000 0 0
0.000000 0.000000 1.000000 6845.500000 6963.295000 29.500000 6850.000000 6963.295000 29.500000 0.000000 0.000000
0.000000 0.000000
0.000000 0.000000 0.000000 0.000000 0.000000 0.000000
0 0 0 0 0 0 0 0 0 0 0 0
0 ""  0 "8/09/12" "17:26:02" "12/26/12" "14:13:06" 0 0 
0 0 0 0 0 0 0 0 0 0 0 0 
0 0 0.000000 0 0 0.000000 0.000000 
0 0 0 0 0 0
00100898 8 0 0 "Beam" ""  0
"H350X175" "A36" 0.000000 0 0
0.000000 0.000000 1.000000 6850.000000 6963.295000 29.500000 6854.500000 6963.295000 29.500000 0.000000 0.000000
0.000000 0.000000
0.000000 0.000000 0.000000 0.000000 0.000000 0.000000
0 0 0 0 0 0 0 0 0 0 0 0
0 ""  0 "8/09/12" "17:26:03" "11/01/12" "15:11:38" 0 0 
0 0 0 0 0 0 0 0 0 0 0 0 
0 0 0.000000 0 0 0.000000 0.000000 
0 0 0 0 0 0
00100899 8 0 0 "Beam" ""  0
"H350X175" "A36" 0.000000 0 0
0.000000 0.000000 1.000000 6845.500000 6963.295000 29.500000 6845.500000 6967.295000 29.500000 0.000000 0.000000
0.000000 0.000000
0.000000 0.000000 0.000000 0.000000 0.000000 0.000000
0 0 0 0 0 0 0 0 0 0 0 0
0 ""  0 "8/09/12" "17:26:05" "11/01/12" "15:11:38" 0 0 
0 0 0 0 0 0 0 0 0 0 0 0 
0 0 0.000000 0 0 0.000000 0.000000 
0 0 0 0 0 0
00100900 8 0 0 "Beam" ""  0
"H400X200" "A36" 0.000000 0 0
0.000000 0.000000 1.000000 6845.500000 6967.295000 29.500000 6845.500000 6971.295000 29.500000 0.000000 0.000000
0.000000 0.000000
0.000000 0.000000 0.000000 0.000000 0.000000 0.000000
0 0 0 0 0 0 0 0 0 0 0 0
0 ""  0 "8/09/12" "17:26:05" "12/26/12" "12:07:19" 0 0 
0 0 0 0 0 0 0 0 0 0 0 0 
0 0 0.000000 0 0 0.000000 0.000000 
0 0 0 0 0 0
00100901 8 0 0 "Beam" ""  0
"H400X200" "A36" 0.000000 0 0
0.000000 0.000000 1.000000 6845.500000 6967.295000 29.500000 6850.000000 6967.295000 29.500000 0.000000 0.000000
0.000000 0.000000
0.000000 0.000000 0.000000 0.000000 0.000000 0.000000
0 0 0 0 0 0 0 0 0 0 0 0
0 ""  0 "8/09/12" "17:26:11" "12/26/12" "11:54:17" 0 0 
0 0 0 0 0 0 0 0 0 0 0 0 
0 0 0.000000 0 0 0.000000 0.000000 
0 0 0 0 0 0
00100902 8 0 0 "Beam" ""  0
"H400X200" "A36" 0.000000 0 0
0.000000 0.000000 1.000000 6850.000000 6967.295000 29.500000 6854.500000 6967.295000 29.500000 0.000000 0.000000
0.000000 0.000000
0.000000 0.000000 0.000000 0.000000 0.000000 0.000000
0 0 0 0 0 0 0 0 0 0 0 0
0 ""  0 "8/09/12" "17:26:11" "12/26/12" "16:33:07" 0 0 
0 0 0 0 0 0 0 0 0 0 0 0 
0 0 0.000000 0 0 0.000000 0.000000 
0 0 0 0 0 0
00100905 8 0 0 "Beam" ""  0
"H194X150" "A36" 0.000000 0 0
0.000000 0.000000 1.000000 6850.000000 6968.715000 29.500000 6852.070000 6968.715000 29.500000 0.000000 0.000000
0.000000 0.000000
0.000000 0.000000 0.000000 0.000000 0.000000 0.000000
0 0 0 0 0 0 0 0 0 0 0 0
0 ""  0 "8/09/12" "17:26:31" "11/01/12" "15:11:38" 0 0 
0 0 0 0 0 0 0 0 0 0 0 0 
0 0 0.000000 0 0 0.000000 0.000000 
0 0 0 0 0 0
00100906 8 0 0 "Beam" ""  0
"H340X250" "A36" 0.000000 0 0
0.000000 0.000000 1.000000 6850.000000 6963.295000 29.500000 6850.000000 6967.295000 29.500000 0.000000 0.000000
0.000000 0.000000
0.000000 0.000000 0.000000 0.000000 0.000000 0.000000
0 0 0 0 0 0 0 0 0 0 0 0
0 ""  0 "8/09/12" "17:26:41" "12/26/12" "11:53:35" 0 0 
0 0 0 0 0 0 0 0 0 0 0 0 
0 0 0.000000 0 0 0.000000 0.000000 
0 0 0 0 0 0
00100907 8 0 0 "Beam" ""  0
"H400X200" "A36" 0.000000 0 0
0.000000 0.000000 1.000000 6850.000000 6967.295000 29.500000 6850.000000 6971.295000 29.500000 0.000000 0.000000
0.000000 0.000000
0.000000 0.000000 0.000000 0.000000 0.000000 0.000000
0 0 0 0 0 0 0 0 0 0 0 0
0 ""  0 "8/09/12" "17:26:42" "11/01/12" "15:11:38" 0 0 
0 0 0 0 0 0 0 0 0 0 0 0 
0 0 0.000000 0 0 0.000000 0.000000 
0 0 0 0 0 0
00100928 8 0 0 "Beam" ""  0
"H300X150" "A36" 0.000000 0 0
0.000000 0.000000 1.000000 6845.500000 6971.295000 29.500000 6845.500000 6974.295000 29.500000 0.000000 0.000000
0.000000 0.000000
0.000000 0.000000 0.000000 0.000000 0.000000 0.000000
0 0 0 0 0 0 0 0 0 0 0 0
0 ""  0 "8/09/12" "17:44:02" "12/26/12" "14:03:52" 0 0 
0 0 0 0 0 0 0 0 0 0 0 0 
0 0 0.000000 0 0 0.000000 0.000000 
0 0 0 0 0 0
00100929 8 0 0 "Beam" ""  0
"H300X150" "A36" 0.000000 0 0
0.000000 0.000000 1.000000 6845.500000 6974.295000 29.500000 6850.000000 6974.295000 29.500000 0.000000 0.000000
0.000000 0.000000
0.000000 0.000000 0.000000 0.000000 0.000000 0.000000
0 0 0 0 0 0 0 0 0 0 0 0
0 ""  0 "8/09/12" "17:44:03" "11/01/12" "15:11:38" 0 0 
0 0 0 0 0 0 0 0 0 0 0 0 
0 0 0.000000 0 0 0.000000 0.000000 
0 0 0 0 0 0
00100930 8 0 0 "Beam" ""  0
"H300X150" "A36" 0.000000 0 0
0.000000 0.000000 1.000000 6850.000000 6974.295000 29.500000 6850.000000 6971.295000 29.500000 0.000000 0.000000
0.000000 0.000000
0.000000 0.000000 0.000000 0.000000 0.000000 0.000000
0 0 0 0 0 0 0 0 0 0 0 0
0 ""  0 "8/09/12" "17:44:04" "12/26/12" "12:22:53" 0 0 
0 0 0 0 0 0 0 0 0 0 0 0 
0 0 0.000000 0 0 0.000000 0.000000 
0 0 0 0 0 0
00100931 2 0 0 "Hbrace" ""  0
"L75X6" "A36" 180.000000 0 0
0.000000 0.000000 1.000000 6846.100000 6971.145000 29.290000 6847.600000 6969.295000 29.290000 0.000000 0.000000
0.000000 0.000000
-0.600000 0.025000 0.160000 0.000000 1.000000 0.160000
0 0 0 0 0 0 0 0 0 0 0 0
0 ""  0 "8/09/12" "17:47:58" "11/01/12" "15:11:38" 0 0 
0 0 0 0 0 0 0 0 0 0 0 0 
0 0 0.000000 0 0 0.000000 0.000000 
0 0 0 0 0 0
00100933 2 0 0 "Hbrace" ""  0
"L75X6" "A36" 180.000000 0 0
0.000000 0.000000 1.000000 6846.100000 6967.445000 29.290000 6847.600000 6969.295000 29.290000 0.000000 0.000000
0.000000 0.000000
-0.600000 -0.025000 0.160000 0.000000 -1.000000 0.160000
0 0 0 0 0 0 0 0 0 0 0 0
0 ""  0 "8/09/12" "17:48:42" "11/01/12" "15:11:38" 0 0 
0 0 0 0 0 0 0 0 0 0 0 0 
0 0 0.000000 0 0 0.000000 0.000000 
0 0 0 0 0 0
00100936 2 0 0 "Hbrace" ""  0
"L75X6" "A36" 180.000000 0 0
0.000000 0.000000 1.000000 6845.500000 6967.020000 29.290000 6847.750000 6965.295000 29.290000 0.000000 0.000000
0.000000 0.000000
0.000000 0.000000 0.160000 -0.150000 0.500000 0.160000
0 0 0 0 0 0 0 0 0 0 0 0
0 ""  0 "8/09/12" "17:51:39" "12/26/12" "11:51:28" 0 0 
0 0 0 0 0 0 0 0 0 0 0 0 
0 0 0.000000 0 0 0.000000 0.000000 
0 0 0 0 0 0
00100937 2 0 0 "Hbrace" ""  0
"L75X6" "A36" 180.000000 0 0
0.000000 0.000000 1.000000 6847.750000 6965.295000 29.290000 6850.000000 6967.020000 29.290000 0.000000 0.000000
0.000000 0.000000
0.150000 0.500000 0.160000 0.000000 0.000000 0.160000
0 0 0 0 0 0 0 0 0 0 0 0
0 ""  0 "8/09/12" "17:51:55" "12/26/12" "11:51:33" 0 0 
0 0 0 0 0 0 0 0 0 0 0 0 
0 0 0.000000 0 0 0.000000 0.000000 
0 0 0 0 0 0
00100938 2 0 0 "Hbrace" ""  0
"L75X6" "A36" 180.000000 0 0
0.000000 0.000000 1.000000 6845.500000 6963.570000 29.290000 6847.750000 6965.295000 29.290000 0.000000 0.000000
0.000000 0.000000
0.000000 0.000000 0.160000 -0.150000 -0.500000 0.160000
0 0 0 0 0 0 0 0 0 0 0 0
0 ""  0 "8/09/12" "17:52:17" "12/26/12" "11:51:25" 0 0 
0 0 0 0 0 0 0 0 0 0 0 0 
0 0 0.000000 0 0 0.000000 0.000000 
0 0 0 0 0 0
00100939 2 0 0 "Hbrace" ""  0
"L75X6" "A36" 180.000000 0 0
0.000000 0.000000 1.000000 6847.750000 6965.295000 29.290000 6850.000000 6963.570000 29.290000 0.000000 0.000000
0.000000 0.000000
0.150000 -0.500000 0.160000 0.000000 0.000000 0.160000
0 0 0 0 0 0 0 0 0 0 0 0
0 ""  0 "8/09/12" "17:52:28" "12/26/12" "11:51:21" 0 0 
0 0 0 0 0 0 0 0 0 0 0 0 
0 0 0.000000 0 0 0.000000 0.000000 
0 0 0 0 0 0
00100954 8 0 0 "Vbrace" ""  0
"T150X150" "A36" 90.000000 0 0
0.000000 0.000000 1.000000 6845.500000 6971.295000 28.000000 6847.750000 6971.295000 29.325000 0.000000 0.000000
0.000000 0.000000
0.000000 0.000000 -1.000000 0.000000 0.000000 0.000000
0 0 0 0 0 0 0 0 0 0 0 0
0 ""  0 "8/09/12" "18:02:26" "11/01/12" "15:11:38" 0 0 
0 0 0 0 0 0 0 0 0 0 0 0 
0 0 0.000000 0 0 0.000000 0.000000 
0 0 0 0 0 0
00100955 8 0 0 "Vbrace" ""  0
"T150X150" "A36" 90.000000 0 0
0.000000 0.000000 1.000000 6847.750000 6971.295000 29.325000 6850.000000 6971.295000 28.000000 0.000000 0.000000
0.000000 0.000000
0.000000 0.000000 0.000000 0.000000 0.000000 -1.000000
0 0 0 0 0 0 0 0 0 0 0 0
0 ""  0 "8/09/12" "18:02:30" "11/01/12" "15:11:38" 0 0 
0 0 0 0 0 0 0 0 0 0 0 0 
0 0 0.000000 0 0 0.000000 0.000000 
0 0 0 0 0 0
00100956 8 0 0 "Vbrace" ""  0
"T150X150" "A36" 90.000000 0 0
0.000000 0.000000 1.000000 6845.500000 6971.295000 24.450000 6847.750000 6971.295000 27.903000 0.000000 0.000000
0.000000 0.000000
0.000000 0.000000 0.000000 0.000000 0.000000 -1.000000
0 0 0 0 0 0 0 0 0 0 0 0
0 ""  0 "8/09/12" "18:03:31" "11/01/12" "15:11:38" 0 0 
0 0 0 0 0 0 0 0 0 0 0 0 
0 0 0.000000 0 0 0.000000 0.000000 
0 0 0 0 0 0
00100957 8 0 0 "Vbrace" ""  0
"T150X150" "A36" 90.000000 0 0
0.000000 0.000000 1.000000 6847.750000 6971.295000 27.903000 6850.000000 6971.295000 24.450000 0.000000 0.000000
0.000000 0.000000
0.000000 0.000000 -1.000000 0.000000 0.000000 0.000000
0 0 0 0 0 0 0 0 0 0 0 0
0 ""  0 "8/09/12" "18:03:35" "11/01/12" "15:11:38" 0 0 
0 0 0 0 0 0 0 0 0 0 0 0 
0 0 0.000000 0 0 0.000000 0.000000 
0 0 0 0 0 0
00100958 8 0 0 "Vbrace" ""  0
"T150X150" "A36" 90.000000 0 0
0.000000 0.000000 1.000000 6845.500000 6967.295000 28.000000 6847.750000 6967.295000 29.325000 0.000000 0.000000
0.000000 0.000000
0.000000 0.000000 -1.000000 0.000000 0.000000 0.000000
0 0 0 0 0 0 0 0 0 0 0 0
0 ""  0 "8/09/12" "18:04:56" "11/01/12" "15:11:38" 0 0 
0 0 0 0 0 0 0 0 0 0 0 0 
0 0 0.000000 0 0 0.000000 0.000000 
0 0 0 0 0 0
00100959 8 0 0 "Vbrace" ""  0
"T150X150" "A36" 90.000000 0 0
0.000000 0.000000 1.000000 6847.750000 6967.295000 29.325000 6850.000000 6967.295000 28.000000 0.000000 0.000000
0.000000 0.000000
0.000000 0.000000 0.000000 0.000000 0.000000 -1.000000
0 0 0 0 0 0 0 0 0 0 0 0
0 ""  0 "8/09/12" "18:04:56" "11/01/12" "15:11:38" 0 0 
0 0 0 0 0 0 0 0 0 0 0 0 
0 0 0.000000 0 0 0.000000 0.000000 
0 0 0 0 0 0
00100960 8 0 0 "Vbrace" ""  0
"T150X150" "A36" 90.000000 0 0
0.000000 0.000000 1.000000 6845.500000 6967.295000 24.450000 6847.750000 6967.295000 27.903000 0.000000 0.000000
0.000000 0.000000
0.000000 0.000000 0.000000 0.000000 0.000000 -1.000000
0 0 0 0 0 0 0 0 0 0 0 0
0 ""  0 "8/09/12" "18:04:56" "11/01/12" "15:11:38" 0 0 
0 0 0 0 0 0 0 0 0 0 0 0 
0 0 0.000000 0 0 0.000000 0.000000 
0 0 0 0 0 0
00100961 8 0 0 "Vbrace" ""  0
"T150X150" "A36" 90.000000 0 0
0.000000 0.000000 1.000000 6847.750000 6967.295000 27.903000 6850.000000 6967.295000 24.450000 0.000000 0.000000
0.000000 0.000000
0.000000 0.000000 -1.000000 0.000000 0.000000 0.000000
0 0 0 0 0 0 0 0 0 0 0 0
0 ""  0 "8/09/12" "18:04:56" "11/01/12" "15:11:38" 0 0 
0 0 0 0 0 0 0 0 0 0 0 0 
0 0 0.000000 0 0 0.000000 0.000000 
0 0 0 0 0 0
00100962 8 0 0 "Vbrace" ""  0
"T150X150" "A36" 90.000000 0 0
0.000000 0.000000 1.000000 6847.750000 6963.295000 29.325000 6850.000000 6963.295000 28.000000 0.000000 0.000000
0.000000 0.000000
0.000000 0.000000 0.000000 0.000000 0.000000 -1.000000
0 0 0 0 0 0 0 0 0 0 0 0
0 ""  0 "8/09/12" "18:05:10" "11/01/12" "15:11:38" 0 0 
0 0 0 0 0 0 0 0 0 0 0 0 
0 0 0.000000 0 0 0.000000 0.000000 
0 0 0 0 0 0
00100963 8 0 0 "Vbrace" ""  0
"T150X150" "A36" 90.000000 0 0
0.000000 0.000000 1.000000 6845.500000 6963.295000 28.000000 6847.750000 6963.295000 29.325000 0.000000 0.000000
0.000000 0.000000
0.000000 0.000000 -1.000000 0.000000 0.000000 0.000000
0 0 0 0 0 0 0 0 0 0 0 0
0 ""  0 "8/09/12" "18:05:10" "11/01/12" "15:11:38" 0 0 
0 0 0 0 0 0 0 0 0 0 0 0 
0 0 0.000000 0 0 0.000000 0.000000 
0 0 0 0 0 0
00100964 8 0 0 "Vbrace" ""  0
"T150X150" "A36" 90.000000 0 0
0.000000 0.000000 1.000000 6845.500000 6963.295000 24.450000 6847.750000 6963.295000 27.825000 0.000000 0.000000
0.000000 0.000000
0.000000 0.000000 0.000000 0.000000 0.000000 -0.922000
0 0 0 0 0 0 0 0 0 0 0 0
0 ""  0 "8/09/12" "18:05:10" "11/01/12" "15:11:38" 0 0 
0 0 0 0 0 0 0 0 0 0 0 0 
0 0 0.000000 0 0 0.000000 0.000000 
0 0 0 0 0 0
00100965 8 0 0 "Vbrace" ""  0
"T150X150" "A36" 90.000000 0 0
0.000000 0.000000 1.000000 6847.750000 6963.295000 27.825000 6850.000000 6963.295000 24.450000 0.000000 0.000000
0.000000 0.000000
0.000000 0.000000 -0.922000 0.000000 0.000000 0.000000
0 0 0 0 0 0 0 0 0 0 0 0
0 ""  0 "8/09/12" "18:05:10" "11/01/12" "15:11:38" 0 0 
0 0 0 0 0 0 0 0 0 0 0 0 
0 0 0.000000 0 0 0.000000 0.000000 
0 0 0 0 0 0
00100968 8 0 0 "Vbrace" ""  0
"T150X150" "A36" 90.000000 0 0
0.000000 0.000000 1.000000 6845.500000 6959.295000 24.450000 6847.750000 6959.295000 27.825000 0.000000 0.000000
0.000000 0.000000
0.000000 0.000000 0.000000 0.000000 0.000000 -0.922000
0 0 0 0 0 0 0 0 0 0 0 0
0 ""  0 "8/09/12" "18:05:21" "11/01/12" "15:11:38" 0 0 
0 0 0 0 0 0 0 0 0 0 0 0 
0 0 0.000000 0 0 0.000000 0.000000 
0 0 0 0 0 0
00100969 8 0 0 "Vbrace" ""  0
"T150X150" "A36" 90.000000 0 0
0.000000 0.000000 1.000000 6847.750000 6959.295000 27.825000 6850.000000 6959.295000 24.450000 0.000000 0.000000
0.000000 0.000000
0.000000 0.000000 -0.922000 0.000000 0.000000 0.000000
0 0 0 0 0 0 0 0 0 0 0 0
0 ""  0 "8/09/12" "18:05:21" "11/01/12" "15:11:38" 0 0 
0 0 0 0 0 0 0 0 0 0 0 0 
0 0 0.000000 0 0 0.000000 0.000000 
0 0 0 0 0 0
00100970 8 0 0 "Beam" ""  0
"H300X150" "A36" 0.000000 0 0
0.000000 0.000000 1.000000 6850.000000 6971.295000 25.500000 6850.000000 6974.295000 25.500000 0.000000 0.000000
0.000000 0.000000
0.000000 0.000000 0.000000 0.000000 0.000000 0.000000
0 0 0 0 0 0 0 0 0 0 0 0
0 ""  0 "8/10/12" "18:33:39" "11/01/12" "15:11:38" 0 0 
0 0 0 0 0 0 0 0 0 0 0 0 
0 0 0.000000 0 0 0.000000 0.000000 
0 0 0 0 0 0
00100975 5 0 0 "Column" ""  0
"H250X250" "A36" 90.000000 0 0
1.000000 0.000000 0.000000 6849.030000 6969.875000 29.500000 6849.030000 6969.875000 31.410000 0.000000 0.000000
0.000000 0.000000
0.000000 0.000000 0.000000 0.000000 0.000000 0.000000
0 0 0 0 0 0 0 0 0 0 0 0
0 ""  0 "8/25/12" "14:43:42" "11/01/12" "15:11:38" 0 0 
0 0 0 0 0 0 0 0 0 0 0 0 
0 0 0.000000 0 0 0.000000 0.000000 
0 0 0 0 0 0
00100976 5 0 0 "Column" ""  0
"H250X250" "A36" 90.000000 0 0
1.000000 0.000000 0.000000 6852.070000 6969.875000 29.500000 6852.070000 6969.875000 31.410000 0.000000 0.000000
0.000000 0.000000
0.000000 0.000000 0.000000 0.000000 0.000000 0.000000
0 0 0 0 0 0 0 0 0 0 0 0
0 ""  0 "8/25/12" "14:43:45" "11/01/12" "15:11:38" 0 0 
0 0 0 0 0 0 0 0 0 0 0 0 
0 0 0.000000 0 0 0.000000 0.000000 
0 0 0 0 0 0
00100977 5 0 0 "Column" ""  0
"H250X250" "A36" 90.000000 0 0
1.000000 0.000000 0.000000 6852.070000 6968.715000 29.500000 6852.070000 6968.715000 31.410000 0.000000 0.000000
0.000000 0.000000
0.000000 0.000000 0.000000 0.000000 0.000000 0.000000
0 0 0 0 0 0 0 0 0 0 0 0
0 ""  0 "8/25/12" "14:43:48" "11/01/12" "15:11:38" 0 0 
0 0 0 0 0 0 0 0 0 0 0 0 
0 0 0.000000 0 0 0.000000 0.000000 
0 0 0 0 0 0
00100978 5 0 0 "Column" ""  0
"H250X250" "A36" 90.000000 0 0
1.000000 0.000000 0.000000 6849.030000 6968.715000 29.500000 6849.030000 6968.715000 31.410000 0.000000 0.000000
0.000000 0.000000
0.000000 0.000000 0.000000 0.000000 0.000000 0.000000
0 0 0 0 0 0 0 0 0 0 0 0
0 ""  0 "8/25/12" "14:43:50" "11/01/12" "15:11:38" 0 0 
0 0 0 0 0 0 0 0 0 0 0 0 
0 0 0.000000 0 0 0.000000 0.000000 
0 0 0 0 0 0
00100979 8 0 0 "Beam" ""  0
"H294X200" "A36" 0.000000 0 0
0.000000 0.000000 1.000000 6849.030000 6969.875000 30.650000 6849.030000 6968.715000 30.650000 0.000000 0.000000
0.000000 0.000000
0.000000 0.000000 0.000000 0.000000 0.000000 0.000000
0 0 0 0 0 0 0 0 0 0 0 0
0 ""  0 "8/25/12" "14:44:39" "11/01/12" "15:11:38" 0 0 
0 0 0 0 0 0 0 0 0 0 0 0 
0 0 0.000000 0 0 0.000000 0.000000 
0 0 0 0 0 0
00100980 8 0 0 "Beam" ""  0
"H294X200" "A36" 0.000000 0 0
0.000000 0.000000 1.000000 6852.070000 6969.875000 30.650000 6852.070000 6968.715000 30.650000 0.000000 0.000000
0.000000 0.000000
0.000000 0.000000 0.000000 0.000000 0.000000 0.000000
0 0 0 0 0 0 0 0 0 0 0 0
0 ""  0 "8/25/12" "14:44:42" "11/01/12" "15:11:38" 0 0 
0 0 0 0 0 0 0 0 0 0 0 0 
0 0 0.000000 0 0 0.000000 0.000000 
0 0 0 0 0 0
00100981 8 0 0 "Beam" ""  0
"H340X250" "A36" 0.000000 0 0
0.000000 0.000000 1.000000 6849.030000 6970.050000 31.750000 6849.030000 6968.540000 31.750000 0.000000 0.000000
0.000000 0.000000
0.000000 0.000000 0.000000 0.000000 0.000000 0.000000
0 0 0 0 0 0 0 0 0 0 0 0
0 ""  0 "8/25/12" "14:45:39" "11/01/12" "15:11:38" 0 0 
0 0 0 0 0 0 0 0 0 0 0 0 
0 0 0.000000 0 0 0.000000 0.000000 
0 0 0 0 0 0
00100984 8 0 0 "Vbrace" ""  0
"T150X150" "A36" 270.000000 0 0
0.000000 0.000000 1.000000 6850.670000 6969.875000 29.500000 6852.070000 6969.875000 30.900000 0.000000 0.000000
0.000000 0.000000
2.900000 0.000000 0.000000 -0.000000 0.000000 0.100000
0 0 0 0 0 0 0 0 0 0 0 0
0 ""  0 "8/25/12" "14:49:21" "11/01/12" "15:11:38" 0 0 
0 0 0 0 0 0 0 0 0 0 0 0 
0 0 0.000000 0 0 0.000000 0.000000 
0 0 0 0 0 0
00100985 8 0 0 "Vbrace" ""  0
"T150X150" "A36" 90.000000 0 0
0.000000 0.000000 1.000000 6850.430000 6969.875000 29.500000 6849.030000 6969.875000 30.900000 0.000000 0.000000
0.000000 0.000000
-2.700000 0.000000 0.000000 0.000000 0.000000 -0.100000
0 0 0 0 0 0 0 0 0 0 0 0
0 ""  0 "8/25/12" "14:50:11" "11/01/12" "15:11:38" 0 0 
0 0 0 0 0 0 0 0 0 0 0 0 
0 0 0.000000 0 0 0.000000 0.000000 
0 0 0 0 0 0
00100986 8 0 0 "Vbrace" ""  0
"T150X150" "A36" 90.000000 0 0
0.000000 0.000000 1.000000 6850.430000 6968.715000 29.500000 6849.030000 6968.715000 30.900000 0.000000 0.000000
0.000000 0.000000
-2.700000 0.000000 0.000000 0.000000 0.000000 -0.100000
0 0 0 0 0 0 0 0 0 0 0 0
0 ""  0 "8/25/12" "14:51:00" "11/01/12" "15:11:38" 0 0 
0 0 0 0 0 0 0 0 0 0 0 0 
0 0 0.000000 0 0 0.000000 0.000000 
0 0 0 0 0 0
00100987 8 0 0 "Beam" ""  0
"H340X250" "A36" 0.000000 0 0
0.000000 0.000000 1.000000 6852.070000 6970.050000 31.750000 6852.070000 6968.540000 31.750000 0.000000 0.000000
0.000000 0.000000
0.000000 0.000000 0.000000 0.000000 0.000000 0.000000
0 0 0 0 0 0 0 0 0 0 0 0
0 ""  0 "8/25/12" "14:52:31" "11/01/12" "15:11:38" 0 0 
0 0 0 0 0 0 0 0 0 0 0 0 
0 0 0.000000 0 0 0.000000 0.000000 
0 0 0 0 0 0
00100993 5 0 0 "Column" ""  0
"H200X200" "A36" 90.000000 0 0
1.000000 0.000000 0.000000 6850.000000 6965.580000 31.500000 6850.000000 6965.580000 29.500000 0.000000 0.000000
0.000000 0.000000
0.000000 0.000000 0.000000 0.000000 0.000000 0.000000
0 0 0 0 0 0 0 0 0 0 0 0
0 ""  0 "8/25/12" "15:24:07" "11/01/12" "15:11:38" 0 0 
0 0 0 0 0 0 0 0 0 0 0 0 
0 0 0.000000 0 0 0.000000 0.000000 
0 0 0 0 0 0
00100994 5 0 0 "Column" ""  0
"H200X200" "A36" 90.000000 0 0
1.000000 0.000000 0.000000 6850.000000 6965.010000 31.500000 6850.000000 6965.010000 29.500000 0.000000 0.000000
0.000000 0.000000
0.000000 0.000000 0.000000 0.000000 0.000000 0.000000
0 0 0 0 0 0 0 0 0 0 0 0
0 ""  0 "8/25/12" "15:24:14" "11/01/12" "15:11:38" 0 0 
0 0 0 0 0 0 0 0 0 0 0 0 
0 0 0.000000 0 0 0.000000 0.000000 
0 0 0 0 0 0
00100995 5 0 0 "Column" ""  0
"H200X200" "A36" 90.000000 0 0
1.000000 0.000000 0.000000 6851.630000 6965.580000 31.500000 6851.630000 6965.580000 29.500000 0.000000 0.000000
0.000000 0.000000
0.000000 0.000000 0.000000 0.000000 0.000000 0.000000
0 0 0 0 0 0 0 0 0 0 0 0
0 ""  0 "8/25/12" "15:24:20" "11/01/12" "15:11:38" 0 0 
0 0 0 0 0 0 0 0 0 0 0 0 
0 0 0.000000 0 0 0.000000 0.000000 
0 0 0 0 0 0
00100996 5 0 0 "Column" ""  0
"H200X200" "A36" 90.000000 0 0
1.000000 0.000000 0.000000 6851.630000 6965.010000 31.500000 6851.630000 6965.010000 29.500000 0.000000 0.000000
0.000000 0.000000
0.000000 0.000000 0.000000 0.000000 0.000000 0.000000
0 0 0 0 0 0 0 0 0 0 0 0
0 ""  0 "8/25/12" "15:24:22" "11/01/12" "15:11:38" 0 0 
0 0 0 0 0 0 0 0 0 0 0 0 
0 0 0.000000 0 0 0.000000 0.000000 
0 0 0 0 0 0
00101001 8 0 0 "Beam" ""  0
"H294X200" "A36" 0.000000 0 0
0.000000 0.000000 1.000000 6850.000000 6965.580000 30.650000 6850.000000 6965.010000 30.650000 0.000000 0.000000
0.000000 0.000000
0.000000 0.000000 0.000000 0.000000 0.000000 0.000000
0 0 0 0 0 0 0 0 0 0 0 0
0 ""  0 "8/25/12" "15:27:41" "11/01/12" "15:11:38" 0 0 
0 0 0 0 0 0 0 0 0 0 0 0 
0 0 0.000000 0 0 0.000000 0.000000 
0 0 0 0 0 0
00101002 8 0 0 "Beam" ""  0
"H294X200" "A36" 0.000000 0 0
0.000000 0.000000 1.000000 6851.630000 6965.580000 30.650000 6851.630000 6965.010000 30.650000 0.000000 0.000000
0.000000 0.000000
0.000000 0.000000 0.000000 0.000000 0.000000 0.000000
0 0 0 0 0 0 0 0 0 0 0 0
0 ""  0 "8/25/12" "15:28:03" "11/01/12" "15:11:38" 0 0 
0 0 0 0 0 0 0 0 0 0 0 0 
0 0 0.000000 0 0 0.000000 0.000000 
0 0 0 0 0 0
00101003 8 0 0 "Beam" ""  0
"H250X250" "A36" 0.000000 0 0
0.000000 0.000000 1.000000 6850.000000 6964.890000 31.750000 6850.000000 6965.700000 31.750000 0.000000 0.000000
0.000000 0.000000
0.000000 0.000000 0.000000 0.000000 0.000000 0.000000
0 0 0 0 0 0 0 0 0 0 0 0
0 ""  0 "8/25/12" "15:31:00" "1/14/13" "14:25:39" 0 0 
0 0 0 0 0 0 0 0 0 0 0 0 
0 0 0.000000 0 0 0.000000 0.000000 
0 0 0 0 0 0
00101004 8 0 0 "Beam" ""  0
"H250X250" "A36" 0.000000 0 0
0.000000 0.000000 1.000000 6851.630000 6964.890000 31.750000 6851.630000 6965.700000 31.750000 0.000000 0.000000
0.000000 0.000000
0.000000 0.000000 0.000000 0.000000 0.000000 0.000000
0 0 0 0 0 0 0 0 0 0 0 0
0 ""  0 "8/25/12" "15:31:21" "1/14/13" "14:25:58" 0 0 
0 0 0 0 0 0 0 0 0 0 0 0 
0 0 0.000000 0 0 0.000000 0.000000 
0 0 0 0 0 0
00101006 8 0 0 "Vbrace" ""  0
"T150X150" "A36" 270.000000 0 0
0.000000 0.000000 1.000000 6850.670000 6968.715000 29.500000 6852.070000 6968.715000 30.900000 0.000000 0.000000
0.000000 0.000000
2.900000 0.000000 0.000000 -0.000000 0.000000 0.100000
0 0 0 0 0 0 0 0 0 0 0 0
0 ""  0 "8/25/12" "18:19:51" "11/01/12" "15:11:38" 0 0 
0 0 0 0 0 0 0 0 0 0 0 0 
0 0 0.000000 0 0 0.000000 0.000000 
0 0 0 0 0 0
00101017 8 0 0 "Beam" ""  0
"H194X150" "A36" 0.000000 0 0
0.000000 0.000000 1.000000 6847.750000 6965.580000 29.500000 6850.000000 6965.580000 29.500000 0.000000 0.000000
0.000000 0.000000
0.000000 0.000000 0.000000 0.000000 0.000000 0.000000
0 0 0 0 0 0 0 0 0 0 0 0
0 ""  0 "10/10/12" "11:22:43" "12/26/12" "11:52:39" 0 0 
0 0 0 0 0 0 0 0 0 0 0 0 
0 0 0.000000 0 0 0.000000 0.000000 
0 0 0 0 0 0
00101019 8 0 0 "Beam" ""  0
"H194X150" "A36" 0.000000 0 0
0.000000 0.000000 1.000000 6850.000000 6965.580000 29.500000 6851.630000 6965.580000 29.500000 0.000000 0.000000
0.000000 0.000000
0.000000 0.000000 0.000000 0.000000 0.000000 0.000000
0 0 0 0 0 0 0 0 0 0 0 0
0 ""  0 "10/10/12" "11:23:07" "11/01/12" "15:11:38" 0 0 
0 0 0 0 0 0 0 0 0 0 0 0 
0 0 0.000000 0 0 0.000000 0.000000 
0 0 0 0 0 0
00101021 8 0 0 "Beam" ""  0
"H194X150" "A36" 0.000000 0 0
0.000000 0.000000 1.000000 6847.750000 6965.010000 29.500000 6850.000000 6965.010000 29.500000 0.000000 0.000000
0.000000 0.000000
0.000000 0.000000 0.000000 0.000000 0.000000 0.000000
0 0 0 0 0 0 0 0 0 0 0 0
0 ""  0 "10/10/12" "11:23:19" "12/26/12" "11:50:52" 0 0 
0 0 0 0 0 0 0 0 0 0 0 0 
0 0 0.000000 0 0 0.000000 0.000000 
0 0 0 0 0 0
00101022 8 0 0 "Beam" ""  0
"H194X150" "A36" 0.000000 0 0
0.000000 0.000000 1.000000 6850.000000 6965.010000 29.500000 6851.630000 6965.010000 29.500000 0.000000 0.000000
0.000000 0.000000
0.000000 0.000000 0.000000 0.000000 0.000000 0.000000
0 0 0 0 0 0 0 0 0 0 0 0
0 ""  0 "10/10/12" "11:23:23" "12/26/12" "11:49:26" 0 0 
0 0 0 0 0 0 0 0 0 0 0 0 
0 0 0.000000 0 0 0.000000 0.000000 
0 0 0 0 0 0
00101028 4 0 0 "Column" ""  0
"C150X75" "A36" 90.000000 0 0
1.000000 0.000000 0.000000 6847.600000 6970.095000 29.500000 6847.600000 6970.095000 32.050000 0.000000 0.000000
0.000000 0.000000
0.000000 0.000000 0.000000 0.000000 0.000000 0.000000
0 0 0 0 0 0 0 0 0 0 0 0
0 ""  0 "10/10/12" "11:45:03" "11/01/12" "15:11:38" 0 0 
0 0 0 0 0 0 0 0 0 0 0 0 
0 0 0.000000 0 0 0.000000 0.000000 
0 0 0 0 0 0
00101029 4 0 0 "Column" ""  0
"C150X75" "A36" 90.000000 0 0
1.000000 0.000000 0.000000 6847.600000 6968.495000 29.500000 6847.600000 6968.495000 32.050000 0.000000 0.000000
0.000000 0.000000
0.000000 0.000000 0.000000 0.000000 0.000000 0.000000
0 0 0 0 0 0 0 0 0 0 0 0
0 ""  0 "10/10/12" "11:45:10" "11/01/12" "15:11:38" 0 0 
0 0 0 0 0 0 0 0 0 0 0 0 
0 0 0.000000 0 0 0.000000 0.000000 
0 0 0 0 0 0
00101030 4 0 0 "Column" ""  0
"C150X75" "A36" 270.000000 0 0
1.000000 0.000000 0.000000 6846.100000 6968.495000 29.500000 6846.100000 6968.495000 32.050000 0.000000 0.000000
0.000000 0.000000
0.000000 0.000000 0.000000 0.000000 0.000000 0.000000
0 0 0 0 0 0 0 0 0 0 0 0
0 ""  0 "10/10/12" "11:45:20" "11/01/12" "15:11:38" 0 0 
0 0 0 0 0 0 0 0 0 0 0 0 
0 0 0.000000 0 0 0.000000 0.000000 
0 0 0 0 0 0
00101031 4 0 0 "Column" ""  0
"C150X75" "A36" 270.000000 0 0
1.000000 0.000000 0.000000 6846.100000 6970.095000 29.500000 6846.100000 6970.095000 32.050000 0.000000 0.000000
0.000000 0.000000
0.000000 0.000000 0.000000 0.000000 0.000000 0.000000
0 0 0 0 0 0 0 0 0 0 0 0
0 ""  0 "10/10/12" "11:45:22" "11/01/12" "15:11:38" 0 0 
0 0 0 0 0 0 0 0 0 0 0 0 
0 0 0.000000 0 0 0.000000 0.000000 
0 0 0 0 0 0
00101032 7 0 0 "Beam" ""  0
"C150X75" "A36" 0.000000 0 1
0.000000 0.000000 1.000000 6846.100000 6970.095000 32.050000 6846.100000 6968.495000 32.050000 0.000000 0.000000
0.000000 0.000000
0.000000 0.000000 0.000000 0.000000 0.000000 0.000000
0 0 0 0 0 0 0 0 0 0 0 0
0 ""  0 "10/10/12" "11:50:44" "11/01/12" "15:11:38" 0 0 
0 0 0 0 0 0 0 0 0 0 0 0 
0 0 0.000000 0 0 0.000000 0.000000 
0 0 0 0 0 0
00101033 7 0 0 "Beam" ""  0
"C150X75" "A36" 0.000000 0 1
0.000000 0.000000 1.000000 6846.100000 6968.495000 32.050000 6847.600000 6968.495000 32.050000 0.000000 0.000000
0.000000 0.000000
0.000000 0.000000 0.000000 0.000000 0.000000 0.000000
0 0 0 0 0 0 0 0 0 0 0 0
0 ""  0 "10/10/12" "11:50:47" "11/01/12" "15:11:38" 0 0 
0 0 0 0 0 0 0 0 0 0 0 0 
0 0 0.000000 0 0 0.000000 0.000000 
0 0 0 0 0 0
00101034 7 0 0 "Beam" ""  0
"C150X75" "A36" 0.000000 0 1
0.000000 0.000000 1.000000 6847.600000 6968.495000 32.050000 6847.600000 6970.095000 32.050000 0.000000 0.000000
0.000000 0.000000
0.000000 0.000000 0.000000 0.000000 0.000000 0.000000
0 0 0 0 0 0 0 0 0 0 0 0
0 ""  0 "10/10/12" "11:50:48" "11/01/12" "15:11:38" 0 0 
0 0 0 0 0 0 0 0 0 0 0 0 
0 0 0.000000 0 0 0.000000 0.000000 
0 0 0 0 0 0
00101035 7 0 0 "Beam" ""  0
"C150X75" "A36" 0.000000 0 1
0.000000 0.000000 1.000000 6847.600000 6970.095000 32.050000 6846.100000 6970.095000 32.050000 0.000000 0.000000
0.000000 0.000000
0.000000 0.000000 0.000000 0.000000 0.000000 0.000000
0 0 0 0 0 0 0 0 0 0 0 0
0 ""  0 "10/10/12" "11:50:51" "11/01/12" "15:11:38" 0 0 
0 0 0 0 0 0 0 0 0 0 0 0 
0 0 0.000000 0 0 0.000000 0.000000 
0 0 0 0 0 0
00101068 8 0 0 "Beam" ""  0
"H400X200" "A36" 0.000000 0 0
0.000000 0.000000 1.000000 6845.400000 6969.295000 29.100000 6852.195000 6969.295000 29.100000 0.000000 0.000000
0.000000 0.000000
0.000000 0.000000 0.400000 0.000000 0.000000 0.400000
0 0 0 0 0 0 0 0 0 0 0 0
0 ""  0 "10/10/12" "16:15:32" "11/01/12" "15:11:38" 0 0 
0 0 0 0 0 0 0 0 0 0 0 0 
0 0 0.000000 0 0 0.000000 0.000000 
0 0 0 0 0 0
00101069 8 0 0 "Beam" ""  0
"H400X200" "A36" 0.000000 0 0
0.000000 0.000000 1.000000 6845.415000 6965.295000 29.150000 6848.330000 6965.295000 29.150000 0.000000 0.000000
0.000000 0.000000
0.000000 0.000000 0.400000 0.000000 0.000000 0.400000
0 0 0 0 0 0 0 0 0 0 0 0
0 ""  0 "10/10/12" "16:16:41" "11/01/12" "15:11:38" 0 0 
0 0 0 0 0 0 0 0 0 0 0 0 
0 0 0.000000 0 0 0.000000 0.000000 
0 0 0 0 0 0
00101070 7 0 0 "Beam" ""  0
"C150X75" "A36" 0.000000 0 1
0.000000 0.000000 1.000000 6846.100000 6968.495000 32.050000 6846.100000 6967.595000 32.050000 0.000000 0.000000
0.000000 0.000000
0.000000 0.000000 0.000000 0.000000 0.000000 0.000000
0 0 0 0 0 0 0 0 0 0 0 0
0 ""  0 "10/16/12" "13:57:48" "11/01/12" "15:11:38" 0 0 
0 0 0 0 0 0 0 0 0 0 0 0 
0 0 0.000000 0 0 0.000000 0.000000 
0 0 0 0 0 0
00101071 7 0 0 "Beam" ""  0
"C150X75" "A36" 0.000000 0 1
0.000000 0.000000 1.000000 6847.600000 6969.295000 32.050000 6846.100000 6969.295000 32.050000 0.000000 0.000000
0.000000 0.000000
0.000000 0.000000 0.000000 0.000000 0.000000 0.000000
0 0 0 0 0 0 0 0 0 0 0 0
0 ""  0 "10/16/12" "14:22:08" "11/01/12" "15:11:38" 0 0 
0 0 0 0 0 0 0 0 0 0 0 0 
0 0 0.000000 0 0 0.000000 0.000000 
0 0 0 0 0 0
00101072 4 0 0 "Vbrace" ""  0
"L75X6" "A36" 180.000000 0 0
0.000000 0.000000 1.000000 6846.100000 6968.495000 29.500000 6846.850000 6968.495000 30.700000 0.000000 0.000000
0.000000 0.000000
0.000000 0.000000 0.000000 -0.000000 0.000000 0.000000
0 0 0 0 0 0 0 0 0 0 0 0
0 ""  0 "10/16/12" "14:37:42" "11/01/12" "15:11:38" 0 0 
0 0 0 0 0 0 0 0 0 0 0 0 
0 0 0.000000 0 0 0.000000 0.000000 
0 0 0 0 0 0
00101073 4 0 0 "Vbrace" ""  0
"L75X6" "A36" 180.000000 0 0
0.000000 0.000000 1.000000 6846.100000 6968.495000 31.900000 6847.600000 6968.495000 29.500000 0.000000 0.000000
0.000000 0.000000
0.000000 0.000000 0.000000 0.000000 0.000000 0.000000
0 0 0 0 0 0 0 0 0 0 0 0
0 ""  0 "10/16/12" "14:38:19" "11/01/12" "15:11:38" 0 0 
0 0 0 0 0 0 0 0 0 0 0 0 
0 0 0.000000 0 0 0.000000 0.000000 
0 0 0 0 0 0
00101074 4 0 0 "Vbrace" ""  0
"L75X6" "A36" 180.000000 0 0
0.000000 0.000000 1.000000 6846.850000 6968.495000 30.700000 6847.600000 6968.495000 31.900000 0.000000 0.000000
0.000000 0.000000
-0.000000 0.000000 0.000000 0.000000 0.000000 0.000000
0 0 0 0 0 0 0 0 0 0 0 0
0 ""  0 "10/16/12" "14:39:19" "11/01/12" "15:11:38" 0 0 
0 0 0 0 0 0 0 0 0 0 0 0 
0 0 0.000000 0 0 0.000000 0.000000 
0 0 0 0 0 0
00101075 4 0 0 "Vbrace" ""  0
"L75X6" "A36" 180.000000 0 0
0.000000 0.000000 1.000000 6846.850000 6970.095000 30.700000 6847.600000 6970.095000 31.900000 0.000000 0.000000
0.000000 0.000000
-0.000000 0.000000 0.000000 0.000000 0.000000 0.000000
0 0 0 0 0 0 0 0 0 0 0 0
0 ""  0 "10/16/12" "14:40:21" "11/01/12" "15:11:38" 0 0 
0 0 0 0 0 0 0 0 0 0 0 0 
0 0 0.000000 0 0 0.000000 0.000000 
0 0 0 0 0 0
00101076 4 0 0 "Vbrace" ""  0
"L75X6" "A36" 180.000000 0 0
0.000000 0.000000 1.000000 6846.100000 6970.095000 29.500000 6846.850000 6970.095000 30.700000 0.000000 0.000000
0.000000 0.000000
0.000000 0.000000 0.000000 -0.000000 0.000000 0.000000
0 0 0 0 0 0 0 0 0 0 0 0
0 ""  0 "10/16/12" "14:40:21" "11/01/12" "15:11:38" 0 0 
0 0 0 0 0 0 0 0 0 0 0 0 
0 0 0.000000 0 0 0.000000 0.000000 
0 0 0 0 0 0
00101077 4 0 0 "Vbrace" ""  0
"L75X6" "A36" 180.000000 0 0
0.000000 0.000000 1.000000 6846.100000 6970.095000 31.900000 6847.600000 6970.095000 29.500000 0.000000 0.000000
0.000000 0.000000
0.000000 0.000000 0.000000 0.000000 0.000000 0.000000
0 0 0 0 0 0 0 0 0 0 0 0
0 ""  0 "10/16/12" "14:40:21" "11/01/12" "15:11:38" 0 0 
0 0 0 0 0 0 0 0 0 0 0 0 
0 0 0.000000 0 0 0.000000 0.000000 
0 0 0 0 0 0
00101079 8 0 0 "Vbrace" ""  0
"T150X150" "A36" 90.000000 0 1
0.000000 0.000000 1.000000 6850.000000 6965.010000 29.500000 6851.630000 6965.010000 31.000000 0.000000 0.000000
0.000000 0.000000
3.030000 0.000000 0.000000 -0.100000 0.000000 0.000000
0 0 0 0 0 0 0 0 0 0 0 0
0 ""  0 "10/16/12" "20:37:33" "11/01/12" "15:11:38" 0 0 
0 0 0 0 0 0 0 0 0 0 0 0 
0 0 0.000000 0 0 0.000000 0.000000 
0 0 0 0 0 0
00101080 8 0 0 "Vbrace" ""  0
"T150X150" "A36" 270.000000 0 1
0.000000 0.000000 1.000000 6851.630000 6965.580000 29.500000 6850.815000 6965.580000 30.250000 0.000000 0.000000
0.000000 0.000000
-3.130000 0.000000 0.000000 -1.565000 0.000000 -0.000000
0 0 0 0 0 0 0 0 0 0 0 0
0 ""  0 "10/16/12" "20:38:32" "11/01/12" "15:11:38" 0 0 
0 0 0 0 0 0 0 0 0 0 0 0 
0 0 0.000000 0 0 0.000000 0.000000 
0 0 0 0 0 0
00101081 8 0 0 "Vbrace" ""  0
"T150X150" "A36" 90.000000 0 1
0.000000 0.000000 1.000000 6850.000000 6965.580000 29.500000 6851.630000 6965.580000 31.000000 0.000000 0.000000
0.000000 0.000000
3.030000 0.000000 0.000000 -0.100000 0.000000 0.000000
0 0 0 0 0 0 0 0 0 0 0 0
0 ""  0 "10/16/12" "20:38:32" "11/01/12" "15:11:38" 0 0 
0 0 0 0 0 0 0 0 0 0 0 0 
0 0 0.000000 0 0 0.000000 0.000000 
0 0 0 0 0 0
00101083 8 0 0 "Beam" ""  0
"H340X250" "A36" 0.000000 0 0
0.000000 0.000000 1.000000 6852.070000 6967.295000 29.500000 6852.070000 6971.295000 29.500000 0.000000 0.000000
0.000000 0.000000
0.000000 0.000000 0.000000 0.000000 0.000000 0.000000
0 0 0 0 0 0 0 0 0 0 0 0
0 ""  0 "10/24/12" "11:56:07" "11/01/12" "15:11:38" 0 0 
0 0 0 0 0 0 0 0 0 0 0 0 
0 0 0.000000 0 0 0.000000 0.000000 
0 0 0 0 0 0
00101084 8 0 0 "Beam" ""  0
"H194X150" "A36" 0.000000 0 0
0.000000 0.000000 1.000000 6852.070000 6968.715000 29.500000 6854.500000 6968.715000 29.500000 0.000000 0.000000
0.000000 0.000000
0.000000 0.000000 0.000000 0.000000 0.000000 0.000000
0 0 0 0 0 0 0 0 0 0 0 0
0 ""  0 "10/24/12" "11:56:55" "12/26/12" "13:56:29" 0 0 
0 0 0 0 0 0 0 0 0 0 0 0 
0 0 0.000000 0 0 0.000000 0.000000 
0 0 0 0 0 0
00101085 8 0 0 "Beam" ""  0
"H194X150" "A36" 0.000000 0 0
0.000000 0.000000 1.000000 6852.070000 6969.875000 29.500000 6854.500000 6969.875000 29.500000 0.000000 0.000000
0.000000 0.000000
0.000000 0.000000 0.000000 0.000000 0.000000 0.000000
0 0 0 0 0 0 0 0 0 0 0 0
0 ""  0 "10/24/12" "11:57:45" "11/01/12" "15:11:38" 0 0 
0 0 0 0 0 0 0 0 0 0 0 0 
0 0 0.000000 0 0 0.000000 0.000000 
0 0 0 0 0 0
00101086 8 0 0 "Beam" ""  0
"H194X150" "A36" 0.000000 0 0
0.000000 0.000000 1.000000 6850.000000 6969.875000 29.500000 6852.070000 6969.875000 29.500000 0.000000 0.000000
0.000000 0.000000
0.000000 0.000000 0.000000 0.000000 0.000000 0.000000
0 0 0 0 0 0 0 0 0 0 0 0
0 ""  0 "10/24/12" "11:57:45" "12/26/12" "12:28:23" 0 0 
0 0 0 0 0 0 0 0 0 0 0 0 
0 0 0.000000 0 0 0.000000 0.000000 
0 0 0 0 0 0
00101089 8 0 0 "Beam" ""  0
"H340X250" "A36" 0.000000 0 0
0.000000 0.000000 1.000000 6849.030000 6967.295000 29.500000 6849.030000 6971.295000 29.500000 0.000000 0.000000
0.000000 0.000000
0.000000 0.000000 0.000000 0.000000 0.000000 0.000000
0 0 0 0 0 0 0 0 0 0 0 0
0 ""  0 "10/24/12" "12:03:34" "11/01/12" "15:11:38" 0 0 
0 0 0 0 0 0 0 0 0 0 0 0 
0 0 0.000000 0 0 0.000000 0.000000 
0 0 0 0 0 0
00101090 8 0 0 "Beam" ""  0
"H194X150" "A36" 0.000000 0 0
0.000000 0.000000 1.000000 6850.000000 6968.715000 29.500000 6849.030000 6968.715000 29.500000 0.000000 0.000000
0.000000 0.000000
0.000000 0.000000 0.000000 0.000000 0.000000 0.000000
0 0 0 0 0 0 0 0 0 0 0 0
0 ""  0 "10/24/12" "12:04:09" "12/26/12" "16:33:51" 0 0 
0 0 0 0 0 0 0 0 0 0 0 0 
0 0 0.000000 0 0 0.000000 0.000000 
0 0 0 0 0 0
00101091 8 0 0 "Beam" ""  0
"H194X150" "A36" 0.000000 0 0
0.000000 0.000000 1.000000 6850.000000 6969.875000 29.500000 6849.030000 6969.875000 29.500000 0.000000 0.000000
0.000000 0.000000
0.000000 0.000000 0.000000 0.000000 0.000000 0.000000
0 0 0 0 0 0 0 0 0 0 0 0
0 ""  0 "10/24/12" "12:04:15" "12/26/12" "13:49:31" 0 0 
0 0 0 0 0 0 0 0 0 0 0 0 
0 0 0.000000 0 0 0.000000 0.000000 
0 0 0 0 0 0
00101092 8 0 0 "Beam" ""  0
"H294X200" "A36" 0.000000 0 0
0.000000 0.000000 1.000000 6851.630000 6963.295000 29.500000 6851.630000 6967.295000 29.500000 0.000000 0.000000
0.000000 0.000000
0.000000 0.000000 0.000000 0.000000 0.000000 0.000000
0 0 0 0 0 0 0 0 0 0 0 0
0 ""  0 "10/24/12" "12:12:37" "12/26/12" "16:19:52" 0 0 
0 0 0 0 0 0 0 0 0 0 0 0 
0 0 0.000000 0 0 0.000000 0.000000 
0 0 0 0 0 0
00101093 8 0 0 "Beam" ""  0
"H194X150" "A36" 0.000000 0 0
0.000000 0.000000 1.000000 6851.630000 6965.580000 29.500000 6854.500000 6965.580000 29.500000 0.000000 0.000000
0.000000 0.000000
0.000000 0.000000 0.000000 0.000000 0.000000 0.000000
0 0 0 0 0 0 0 0 0 0 0 0
0 ""  0 "10/24/12" "12:14:14" "11/01/12" "15:11:38" 0 0 
0 0 0 0 0 0 0 0 0 0 0 0 
0 0 0.000000 0 0 0.000000 0.000000 
0 0 0 0 0 0
00101094 8 0 0 "Beam" ""  0
"H194X150" "A36" 0.000000 0 0
0.000000 0.000000 1.000000 6851.630000 6965.010000 29.500000 6854.500000 6965.010000 29.500000 0.000000 0.000000
0.000000 0.000000
0.000000 0.000000 0.000000 0.000000 0.000000 0.000000
0 0 0 0 0 0 0 0 0 0 0 0
0 ""  0 "10/24/12" "12:14:18" "11/01/12" "15:11:38" 0 0 
0 0 0 0 0 0 0 0 0 0 0 0 
0 0 0.000000 0 0 0.000000 0.000000 
0 0 0 0 0 0
00101095 8 0 0 "Beam" ""  0
"H340X250" "A36" 0.000000 0 0
0.000000 0.000000 1.000000 6847.750000 6963.295000 29.500000 6847.750000 6967.295000 29.500000 0.000000 0.000000
0.000000 0.000000
0.000000 0.000000 0.000000 0.000000 0.000000 0.000000
0 0 0 0 0 0 0 0 0 0 0 0
0 ""  0 "10/24/12" "12:16:05" "11/01/12" "15:11:38" 0 0 
0 0 0 0 0 0 0 0 0 0 0 0 
0 0 0.000000 0 0 0.000000 0.000000 
0 0 0 0 0 0
00101096 8 0 0 "Beam" ""  0
"H300X150" "A36" 0.000000 0 0
0.000000 0.000000 1.000000 6846.100000 6967.295000 29.500000 6846.100000 6971.295000 29.500000 0.000000 0.000000
0.000000 0.000000
0.000000 0.000000 0.000000 0.000000 0.000000 0.000000
0 0 0 0 0 0 0 0 0 0 0 0
0 ""  0 "10/24/12" "12:18:31" "11/01/12" "15:17:55" 0 0 
0 0 0 0 0 0 0 0 0 0 0 0 
0 0 0.000000 0 0 0.000000 0.000000 
0 0 0 0 0 0
00101097 8 0 0 "Beam" ""  0
"H300X150" "A36" 0.000000 0 0
0.000000 0.000000 1.000000 6847.600000 6967.295000 29.500000 6847.600000 6971.295000 29.500000 0.000000 0.000000
0.000000 0.000000
0.000000 0.000000 0.000000 0.000000 0.000000 0.000000
0 0 0 0 0 0 0 0 0 0 0 0
0 ""  0 "10/24/12" "12:18:36" "11/01/12" "15:17:50" 0 0 
0 0 0 0 0 0 0 0 0 0 0 0 
0 0 0.000000 0 0 0.000000 0.000000 
0 0 0 0 0 0
00101098 8 0 0 "Beam" ""  0
"H194X150" "A36" 0.000000 0 0
0.000000 0.000000 1.000000 6849.030000 6969.875000 29.500000 6847.600000 6969.875000 29.500000 0.000000 0.000000
0.000000 0.000000
0.000000 0.000000 0.000000 0.000000 0.000000 0.000000
0 0 0 0 0 0 0 0 0 0 0 0
0 ""  0 "10/24/12" "12:19:24" "11/01/12" "15:11:38" 0 0 
0 0 0 0 0 0 0 0 0 0 0 0 
0 0 0.000000 0 0 0.000000 0.000000 
0 0 0 0 0 0
00101099 8 0 0 "Beam" ""  0
"H194X150" "A36" 0.000000 0 0
0.000000 0.000000 1.000000 6849.030000 6968.715000 29.500000 6847.600000 6968.715000 29.500000 0.000000 0.000000
0.000000 0.000000
0.000000 0.000000 0.000000 0.000000 0.000000 0.000000
0 0 0 0 0 0 0 0 0 0 0 0
0 ""  0 "10/24/12" "12:19:32" "11/01/12" "15:11:38" 0 0 
0 0 0 0 0 0 0 0 0 0 0 0 
0 0 0.000000 0 0 0.000000 0.000000 
0 0 0 0 0 0
00101100 7 0 0 "Beam" ""  0
"C150X75" "A36" 0.000000 0 0
0.000000 0.000000 1.000000 6846.100000 6970.795000 29.500000 6847.600000 6970.795000 29.500000 0.000000 0.000000
0.000000 0.000000
0.000000 0.000000 0.000000 0.000000 0.000000 0.000000
0 0 0 0 0 0 0 0 0 0 0 0
0 ""  0 "10/24/12" "12:20:55" "11/01/12" "15:11:38" 0 0 
0 0 0 0 0 0 0 0 0 0 0 0 
0 0 0.000000 0 0 0.000000 0.000000 
0 0 0 0 0 0
00101101 7 0 0 "Beam" ""  0
"C150X75" "A36" 0.000000 0 0
0.000000 0.000000 1.000000 6847.600000 6970.795000 29.500000 6849.030000 6970.795000 29.500000 0.000000 0.000000
0.000000 0.000000
0.000000 0.000000 0.000000 0.000000 0.000000 0.000000
0 0 0 0 0 0 0 0 0 0 0 0
0 ""  0 "10/24/12" "12:21:01" "11/01/12" "15:11:38" 0 0 
0 0 0 0 0 0 0 0 0 0 0 0 
0 0 0.000000 0 0 0.000000 0.000000 
0 0 0 0 0 0
00101102 7 0 0 "Beam" ""  0
"C150X75" "A36" 0.000000 0 0
0.000000 0.000000 1.000000 6849.030000 6970.795000 29.500000 6850.000000 6970.795000 29.500000 0.000000 0.000000
0.000000 0.000000
0.000000 0.000000 0.000000 0.000000 0.000000 0.000000
0 0 0 0 0 0 0 0 0 0 0 0
0 ""  0 "10/24/12" "12:21:06" "12/26/12" "12:27:31" 0 0 
0 0 0 0 0 0 0 0 0 0 0 0 
0 0 0.000000 0 0 0.000000 0.000000 
0 0 0 0 0 0
00101103 7 0 0 "Beam" ""  0
"C150X75" "A36" 0.000000 0 0
0.000000 0.000000 1.000000 6850.350000 6970.795000 29.500000 6852.070000 6970.795000 29.500000 0.000000 0.000000
0.000000 0.000000
0.000000 0.000000 0.000000 0.000000 0.000000 0.000000
0 0 0 0 0 0 0 0 0 0 0 0
0 ""  0 "10/24/12" "12:21:08" "12/26/12" "12:22:14" 0 0 
0 0 0 0 0 0 0 0 0 0 0 0 
0 0 0.000000 0 0 0.000000 0.000000 
0 0 0 0 0 0
00101104 7 0 0 "Beam" ""  0
"C150X75" "A36" 0.000000 0 0
0.000000 0.000000 1.000000 6852.070000 6970.795000 29.500000 6854.500000 6970.795000 29.500000 0.000000 0.000000
0.000000 0.000000
0.000000 0.000000 0.000000 0.000000 0.000000 0.000000
0 0 0 0 0 0 0 0 0 0 0 0
0 ""  0 "10/24/12" "12:21:10" "11/01/12" "15:11:38" 0 0 
0 0 0 0 0 0 0 0 0 0 0 0 
0 0 0.000000 0 0 0.000000 0.000000 
0 0 0 0 0 0
00101105 7 0 0 "Beam" ""  0
"C150X75" "A36" 0.000000 0 0
0.000000 0.000000 1.000000 6846.100000 6967.795000 29.500000 6847.600000 6967.795000 29.500000 0.000000 0.000000
0.000000 0.000000
0.000000 0.000000 0.000000 0.000000 0.000000 0.000000
0 0 0 0 0 0 0 0 0 0 0 0
0 ""  0 "10/24/12" "12:21:15" "11/01/12" "15:11:38" 0 0 
0 0 0 0 0 0 0 0 0 0 0 0 
0 0 0.000000 0 0 0.000000 0.000000 
0 0 0 0 0 0
00101106 7 0 0 "Beam" ""  0
"C150X75" "A36" 0.000000 0 0
0.000000 0.000000 1.000000 6847.600000 6967.795000 29.500000 6849.030000 6967.795000 29.500000 0.000000 0.000000
0.000000 0.000000
0.000000 0.000000 0.000000 0.000000 0.000000 0.000000
0 0 0 0 0 0 0 0 0 0 0 0
0 ""  0 "10/24/12" "12:21:18" "11/01/12" "15:11:38" 0 0 
0 0 0 0 0 0 0 0 0 0 0 0 
0 0 0.000000 0 0 0.000000 0.000000 
0 0 0 0 0 0
00101107 7 0 0 "Beam" ""  0
"C150X75" "A36" 0.000000 0 0
0.000000 0.000000 1.000000 6849.030000 6967.795000 29.500000 6850.000000 6967.795000 29.500000 0.000000 0.000000
0.000000 0.000000
0.000000 0.000000 0.000000 0.000000 0.000000 0.000000
0 0 0 0 0 0 0 0 0 0 0 0
0 ""  0 "10/24/12" "12:21:20" "12/26/12" "12:27:31" 0 0 
0 0 0 0 0 0 0 0 0 0 0 0 
0 0 0.000000 0 0 0.000000 0.000000 
0 0 0 0 0 0
00101108 7 0 0 "Beam" ""  0
"C150X75" "A36" 0.000000 0 0
0.000000 0.000000 1.000000 6850.000000 6967.795000 29.500000 6852.070000 6967.795000 29.500000 0.000000 0.000000
0.000000 0.000000
0.000000 0.000000 0.000000 0.000000 0.000000 0.000000
0 0 0 0 0 0 0 0 0 0 0 0
0 ""  0 "10/24/12" "12:21:22" "11/01/12" "15:11:39" 0 0 
0 0 0 0 0 0 0 0 0 0 0 0 
0 0 0.000000 0 0 0.000000 0.000000 
0 0 0 0 0 0
00101109 7 0 0 "Beam" ""  0
"C150X75" "A36" 0.000000 0 0
0.000000 0.000000 1.000000 6852.070000 6967.795000 29.500000 6854.500000 6967.795000 29.500000 0.000000 0.000000
0.000000 0.000000
0.000000 0.000000 0.000000 0.000000 0.000000 0.000000
0 0 0 0 0 0 0 0 0 0 0 0
0 ""  0 "10/24/12" "12:21:36" "11/01/12" "15:11:39" 0 0 
0 0 0 0 0 0 0 0 0 0 0 0 
0 0 0.000000 0 0 0.000000 0.000000 
0 0 0 0 0 0
00101110 7 0 0 "Beam" ""  0
"C150X75" "A36" 0.000000 0 0
0.000000 0.000000 1.000000 6846.100000 6969.875000 29.500000 6847.600000 6969.875000 29.500000 0.000000 0.000000
0.000000 0.000000
0.000000 0.000000 0.000000 0.000000 0.000000 0.000000
0 0 0 0 0 0 0 0 0 0 0 0
0 ""  0 "10/24/12" "12:21:51" "11/01/12" "15:11:39" 0 0 
0 0 0 0 0 0 0 0 0 0 0 0 
0 0 0.000000 0 0 0.000000 0.000000 
0 0 0 0 0 0
00101111 7 0 0 "Beam" ""  0
"C150X75" "A36" 0.000000 0 0
0.000000 0.000000 1.000000 6846.100000 6968.715000 29.500000 6847.600000 6968.715000 29.500000 0.000000 0.000000
0.000000 0.000000
0.000000 0.000000 0.000000 0.000000 0.000000 0.000000
0 0 0 0 0 0 0 0 0 0 0 0
0 ""  0 "10/24/12" "12:21:56" "11/01/12" "15:11:39" 0 0 
0 0 0 0 0 0 0 0 0 0 0 0 
0 0 0.000000 0 0 0.000000 0.000000 
0 0 0 0 0 0
00101112 7 0 0 "Beam" ""  0
"C150X75" "A36" 0.000000 0 0
0.000000 0.000000 1.000000 6845.500000 6966.500000 29.500000 6847.750000 6966.500000 29.500000 0.000000 0.000000
0.000000 0.000000
0.000000 0.000000 0.000000 0.000000 0.000000 0.000000
0 0 0 0 0 0 0 0 0 0 0 0
0 ""  0 "10/24/12" "12:22:05" "11/01/12" "15:11:39" 0 0 
0 0 0 0 0 0 0 0 0 0 0 0 
0 0 0.000000 0 0 0.000000 0.000000 
0 0 0 0 0 0
00101113 7 0 0 "Beam" ""  0
"C150X75" "A36" 0.000000 0 0
0.000000 0.000000 1.000000 6847.750000 6966.500000 29.500000 6850.000000 6966.500000 29.500000 0.000000 0.000000
0.000000 0.000000
0.000000 0.000000 0.000000 0.000000 0.000000 0.000000
0 0 0 0 0 0 0 0 0 0 0 0
0 ""  0 "10/24/12" "12:22:07" "11/01/12" "15:11:39" 0 0 
0 0 0 0 0 0 0 0 0 0 0 0 
0 0 0.000000 0 0 0.000000 0.000000 
0 0 0 0 0 0
00101114 7 0 0 "Beam" ""  0
"C150X75" "A36" 0.000000 0 0
0.000000 0.000000 1.000000 6850.000000 6966.500000 29.500000 6851.630000 6966.500000 29.500000 0.000000 0.000000
0.000000 0.000000
0.000000 0.000000 0.000000 0.000000 0.000000 0.000000
0 0 0 0 0 0 0 0 0 0 0 0
0 ""  0 "10/24/12" "12:22:09" "11/01/12" "15:11:39" 0 0 
0 0 0 0 0 0 0 0 0 0 0 0 
0 0 0.000000 0 0 0.000000 0.000000 
0 0 0 0 0 0
00101115 7 0 0 "Beam" ""  0
"C150X75" "A36" 0.000000 0 0
0.000000 0.000000 1.000000 6851.630000 6966.500000 29.500000 6854.500000 6966.500000 29.500000 0.000000 0.000000
0.000000 0.000000
0.000000 0.000000 0.000000 0.000000 0.000000 0.000000
0 0 0 0 0 0 0 0 0 0 0 0
0 ""  0 "10/24/12" "12:22:11" "11/01/12" "15:11:39" 0 0 
0 0 0 0 0 0 0 0 0 0 0 0 
0 0 0.000000 0 0 0.000000 0.000000 
0 0 0 0 0 0
00101116 7 0 0 "Beam" ""  0
"C150X75" "A36" 0.000000 0 0
0.000000 0.000000 1.000000 6845.500000 6964.090000 29.500000 6847.750000 6964.090000 29.500000 0.000000 0.000000
0.000000 0.000000
0.000000 0.000000 0.000000 0.000000 0.000000 0.000000
0 0 0 0 0 0 0 0 0 0 0 0
0 ""  0 "10/24/12" "12:22:16" "11/01/12" "15:11:39" 0 0 
0 0 0 0 0 0 0 0 0 0 0 0 
0 0 0.000000 0 0 0.000000 0.000000 
0 0 0 0 0 0
00101117 7 0 0 "Beam" ""  0
"C150X75" "A36" 0.000000 0 0
0.000000 0.000000 1.000000 6847.750000 6964.090000 29.500000 6849.500000 6964.090000 29.500000 0.000000 0.000000
0.000000 0.000000
0.000000 0.000000 0.000000 0.000000 0.000000 0.000000
0 0 0 0 0 0 0 0 0 0 0 0
0 ""  0 "10/24/12" "12:22:18" "12/26/12" "11:49:35" 0 0 
0 0 0 0 0 0 0 0 0 0 0 0 
0 0 0.000000 0 0 0.000000 0.000000 
0 0 0 0 0 0
00101118 7 0 0 "Beam" ""  0
"C150X75" "A36" 0.000000 0 0
0.000000 0.000000 1.000000 6850.000000 6964.090000 29.500000 6851.630000 6964.090000 29.500000 0.000000 0.000000
0.000000 0.000000
0.000000 0.000000 0.000000 0.000000 0.000000 0.000000
0 0 0 0 0 0 0 0 0 0 0 0
0 ""  0 "10/24/12" "12:22:20" "11/01/12" "15:11:39" 0 0 
0 0 0 0 0 0 0 0 0 0 0 0 
0 0 0.000000 0 0 0.000000 0.000000 
0 0 0 0 0 0
00101119 7 0 0 "Beam" ""  0
"C150X75" "A36" 0.000000 0 0
0.000000 0.000000 1.000000 6851.630000 6964.090000 29.500000 6854.500000 6964.090000 29.500000 0.000000 0.000000
0.000000 0.000000
0.000000 0.000000 0.000000 0.000000 0.000000 0.000000
0 0 0 0 0 0 0 0 0 0 0 0
0 ""  0 "10/24/12" "12:22:21" "11/01/12" "15:11:39" 0 0 
0 0 0 0 0 0 0 0 0 0 0 0 
0 0 0.000000 0 0 0.000000 0.000000 
0 0 0 0 0 0
00101120 7 0 0 "Beam" ""  0
"C150X75" "A36" 0.000000 0 0
0.000000 0.000000 1.000000 6845.500000 6965.580000 29.500000 6847.750000 6965.580000 29.500000 0.000000 0.000000
0.000000 0.000000
0.000000 0.000000 0.000000 0.000000 0.000000 0.000000
0 0 0 0 0 0 0 0 0 0 0 0
0 ""  0 "10/24/12" "12:22:31" "11/01/12" "15:11:39" 0 0 
0 0 0 0 0 0 0 0 0 0 0 0 
0 0 0.000000 0 0 0.000000 0.000000 
0 0 0 0 0 0
00101121 7 0 0 "Beam" ""  0
"C150X75" "A36" 0.000000 0 0
0.000000 0.000000 1.000000 6845.500000 6965.010000 29.500000 6847.750000 6965.010000 29.500000 0.000000 0.000000
0.000000 0.000000
0.000000 0.000000 0.000000 0.000000 0.000000 0.000000
0 0 0 0 0 0 0 0 0 0 0 0
0 ""  0 "10/24/12" "12:22:35" "11/01/12" "15:11:39" 0 0 
0 0 0 0 0 0 0 0 0 0 0 0 
0 0 0.000000 0 0 0.000000 0.000000 
0 0 0 0 0 0
00101122 7 0 0 "Beam" ""  0
"C150X75" "A36" 0.000000 0 0
0.000000 0.000000 1.000000 6845.500000 6961.755000 28.000000 6847.800000 6961.755000 28.000000 0.000000 0.000000
0.000000 0.000000
0.000000 0.000000 0.000000 0.000000 0.000000 0.000000
0 0 0 0 0 0 0 0 0 0 0 0
0 ""  0 "10/24/12" "14:07:51" "11/01/12" "15:11:39" 0 0 
0 0 0 0 0 0 0 0 0 0 0 0 
0 0 0.000000 0 0 0.000000 0.000000 
0 0 0 0 0 0
00101123 7 0 0 "Beam" ""  0
"C150X75" "A36" 0.000000 0 0
0.000000 0.000000 1.000000 6847.800000 6961.755000 28.000000 6850.000000 6961.755000 28.000000 0.000000 0.000000
0.000000 0.000000
0.000000 0.000000 0.000000 0.000000 0.000000 0.000000
0 0 0 0 0 0 0 0 0 0 0 0
0 ""  0 "10/24/12" "14:07:51" "11/01/12" "15:11:39" 0 0 
0 0 0 0 0 0 0 0 0 0 0 0 
0 0 0.000000 0 0 0.000000 0.000000 
0 0 0 0 0 0
00101124 7 0 0 "Beam" ""  0
"C150X75" "A36" 0.000000 0 0
0.000000 0.000000 1.000000 6850.500000 6961.755000 28.000000 6852.500000 6961.755000 28.000000 0.000000 0.000000
0.000000 0.000000
0.000000 0.000000 0.000000 0.000000 0.000000 0.000000
0 0 0 0 0 0 0 0 0 0 0 0
0 ""  0 "10/24/12" "14:07:51" "11/01/12" "15:11:39" 0 0 
0 0 0 0 0 0 0 0 0 0 0 0 
0 0 0.000000 0 0 0.000000 0.000000 
0 0 0 0 0 0
00101125 7 0 0 "Beam" ""  0
"C150X75" "A36" 0.000000 0 0
0.000000 0.000000 1.000000 6852.500000 6961.755000 28.000000 6854.500000 6961.755000 28.000000 0.000000 0.000000
0.000000 0.000000
0.000000 0.000000 0.000000 0.000000 0.000000 0.000000
0 0 0 0 0 0 0 0 0 0 0 0
0 ""  0 "10/24/12" "14:07:51" "11/01/12" "15:11:39" 0 0 
0 0 0 0 0 0 0 0 0 0 0 0 
0 0 0.000000 0 0 0.000000 0.000000 
0 0 0 0 0 0
00101126 7 0 0 "Beam" ""  0
"C150X75" "A36" 0.000000 0 0
0.000000 0.000000 1.000000 6845.500000 6960.835000 28.000000 6847.800000 6960.835000 28.000000 0.000000 0.000000
0.000000 0.000000
0.000000 0.000000 0.000000 0.000000 0.000000 0.000000
0 0 0 0 0 0 0 0 0 0 0 0
0 ""  0 "10/24/12" "14:07:57" "11/01/12" "15:11:39" 0 0 
0 0 0 0 0 0 0 0 0 0 0 0 
0 0 0.000000 0 0 0.000000 0.000000 
0 0 0 0 0 0
00101127 7 0 0 "Beam" ""  0
"C150X75" "A36" 0.000000 0 0
0.000000 0.000000 1.000000 6847.800000 6960.835000 28.000000 6850.000000 6960.835000 28.000000 0.000000 0.000000
0.000000 0.000000
0.000000 0.000000 0.000000 0.000000 0.000000 0.000000
0 0 0 0 0 0 0 0 0 0 0 0
0 ""  0 "10/24/12" "14:07:57" "11/01/12" "15:11:39" 0 0 
0 0 0 0 0 0 0 0 0 0 0 0 
0 0 0.000000 0 0 0.000000 0.000000 
0 0 0 0 0 0
00101128 7 0 0 "Beam" ""  0
"C150X75" "A36" 0.000000 0 0
0.000000 0.000000 1.000000 6850.500000 6960.835000 28.000000 6852.500000 6960.835000 28.000000 0.000000 0.000000
0.000000 0.000000
0.000000 0.000000 0.000000 0.000000 0.000000 0.000000
0 0 0 0 0 0 0 0 0 0 0 0
0 ""  0 "10/24/12" "14:07:57" "11/01/12" "15:11:39" 0 0 
0 0 0 0 0 0 0 0 0 0 0 0 
0 0 0.000000 0 0 0.000000 0.000000 
0 0 0 0 0 0
00101129 7 0 0 "Beam" ""  0
"C150X75" "A36" 0.000000 0 0
0.000000 0.000000 1.000000 6852.500000 6960.835000 28.000000 6854.500000 6960.835000 28.000000 0.000000 0.000000
0.000000 0.000000
0.000000 0.000000 0.000000 0.000000 0.000000 0.000000
0 0 0 0 0 0 0 0 0 0 0 0
0 ""  0 "10/24/12" "14:07:57" "11/01/12" "15:11:39" 0 0 
0 0 0 0 0 0 0 0 0 0 0 0 
0 0 0.000000 0 0 0.000000 0.000000 
0 0 0 0 0 0
00101130 7 0 0 "Beam" ""  0
"C150X75" "A36" 0.000000 0 0
0.000000 0.000000 1.000000 6846.100000 6969.295000 29.500000 6847.600000 6969.295000 29.500000 0.000000 0.000000
0.000000 0.000000
0.000000 0.000000 0.000000 0.000000 0.000000 0.000000
0 0 0 0 0 0 0 0 0 0 0 0
0 ""  0 "10/24/12" "17:27:03" "11/01/12" "15:11:39" 0 0 
0 0 0 0 0 0 0 0 0 0 0 0 
0 0 0.000000 0 0 0.000000 0.000000 
0 0 0 0 0 0
00101131 7 0 0 "Beam" ""  0
"C150X75" "A36" 0.000000 0 0
0.000000 0.000000 1.000000 6847.600000 6969.295000 29.500000 6849.030000 6969.295000 29.500000 0.000000 0.000000
0.000000 0.000000
0.000000 0.000000 0.000000 0.000000 0.000000 0.000000
0 0 0 0 0 0 0 0 0 0 0 0
0 ""  0 "10/24/12" "17:27:03" "11/01/12" "15:11:39" 0 0 
0 0 0 0 0 0 0 0 0 0 0 0 
0 0 0.000000 0 0 0.000000 0.000000 
0 0 0 0 0 0
00101132 7 0 0 "Beam" ""  0
"C150X75" "A36" 0.000000 0 0
0.000000 0.000000 1.000000 6849.030000 6969.295000 29.500000 6850.000000 6969.295000 29.500000 0.000000 0.000000
0.000000 0.000000
0.000000 0.000000 0.000000 0.000000 0.000000 0.000000
0 0 0 0 0 0 0 0 0 0 0 0
0 ""  0 "10/24/12" "17:27:03" "11/01/12" "15:11:39" 0 0 
0 0 0 0 0 0 0 0 0 0 0 0 
0 0 0.000000 0 0 0.000000 0.000000 
0 0 0 0 0 0
00101133 7 0 0 "Beam" ""  0
"C150X75" "A36" 0.000000 0 0
0.000000 0.000000 1.000000 6850.000000 6969.295000 29.500000 6852.070000 6969.295000 29.500000 0.000000 0.000000
0.000000 0.000000
0.000000 0.000000 0.000000 0.000000 0.000000 0.000000
0 0 0 0 0 0 0 0 0 0 0 0
0 ""  0 "10/24/12" "17:27:03" "11/01/12" "15:11:39" 0 0 
0 0 0 0 0 0 0 0 0 0 0 0 
0 0 0.000000 0 0 0.000000 0.000000 
0 0 0 0 0 0
00101134 7 0 0 "Beam" ""  0
"C150X75" "A36" 0.000000 0 0
0.000000 0.000000 1.000000 6852.070000 6969.295000 29.500000 6854.500000 6969.295000 29.500000 0.000000 0.000000
0.000000 0.000000
0.000000 0.000000 0.000000 0.000000 0.000000 0.000000
0 0 0 0 0 0 0 0 0 0 0 0
0 ""  0 "10/24/12" "17:27:03" "11/01/12" "15:11:39" 0 0 
0 0 0 0 0 0 0 0 0 0 0 0 
0 0 0.000000 0 0 0.000000 0.000000 
0 0 0 0 0 0
00101135 8 0 0 "Beam" ""  0
"H300X150" "A36" 0.000000 0 0
0.000000 0.000000 1.000000 6849.000000 6974.295000 29.500000 6849.000000 6971.295000 29.500000 0.000000 0.000000
0.000000 0.000000
0.000000 0.000000 0.000000 0.000000 0.000000 0.000000
0 0 0 0 0 0 0 0 0 0 0 0
0 ""  0 "10/26/12" "15:51:56" "11/01/12" "15:11:39" 0 0 
0 0 0 0 0 0 0 0 0 0 0 0 
0 0 0.000000 0 0 0.000000 0.000000 
0 0 0 0 0 0
00101137 2 0 0 "Hbrace" ""  0
"L75X6" "A36" 180.000000 0 0
0.000000 0.000000 1.000000 6849.030000 6971.145000 29.290000 6847.600000 6969.295000 29.290000 0.000000 0.000000
0.000000 0.000000
0.000000 0.000000 0.000000 0.000000 0.000000 0.000000
0 0 0 0 0 0 0 0 0 0 0 0
0 ""  0 "10/26/12" "16:00:54" "11/01/12" "15:11:39" 0 0 
0 0 0 0 0 0 0 0 0 0 0 0 
0 0 0.000000 0 0 0.000000 0.000000 
0 0 0 0 0 0
00101138 2 0 0 "Hbrace" ""  0
"L75X6" "A36" 180.000000 0 0
0.000000 0.000000 1.000000 6849.030000 6967.445000 29.290000 6847.600000 6969.295000 29.290000 0.000000 0.000000
0.000000 0.000000
0.000000 0.000000 0.000000 0.000000 0.000000 0.000000
0 0 0 0 0 0 0 0 0 0 0 0
0 ""  0 "10/26/12" "16:01:06" "11/01/12" "15:11:39" 0 0 
0 0 0 0 0 0 0 0 0 0 0 0 
0 0 0.000000 0 0 0.000000 0.000000 
0 0 0 0 0 0
00101139 2 0 0 "Hbrace" ""  0
"L75X6" "A36" 180.000000 0 0
0.000000 0.000000 1.000000 6850.000000 6971.020000 29.290000 6852.070000 6969.295000 29.290000 0.000000 0.000000
0.000000 0.000000
0.000000 0.000000 0.210000 0.000000 0.000000 0.210000
0 0 0 0 0 0 0 0 0 0 0 0
0 ""  0 "10/26/12" "16:05:06" "12/26/12" "13:47:28" 0 0 
0 0 0 0 0 0 0 0 0 0 0 0 
0 0 0.000000 0 0 0.000000 0.000000 
0 0 0 0 0 0
00101140 2 0 0 "Hbrace" ""  0
"L75X6" "A36" 180.000000 0 0
0.000000 0.000000 1.000000 6852.070000 6969.295000 29.290000 6850.000000 6967.570000 29.290000 0.000000 0.000000
0.000000 0.000000
0.000000 0.000000 0.210000 0.000000 0.000000 0.210000
0 0 0 0 0 0 0 0 0 0 0 0
0 ""  0 "10/26/12" "16:05:14" "12/26/12" "13:47:33" 0 0 
0 0 0 0 0 0 0 0 0 0 0 0 
0 0 0.000000 0 0 0.000000 0.000000 
0 0 0 0 0 0
00101141 2 0 0 "Hbrace" ""  0
"L75X6" "A36" 180.000000 0 0
0.000000 0.000000 1.000000 6854.500000 6971.020000 29.290000 6852.070000 6969.295000 29.290000 0.000000 0.000000
0.000000 0.000000
0.000000 0.000000 0.210000 0.000000 0.000000 0.210000
0 0 0 0 0 0 0 0 0 0 0 0
0 ""  0 "10/26/12" "16:05:39" "12/26/12" "13:47:17" 0 0 
0 0 0 0 0 0 0 0 0 0 0 0 
0 0 0.000000 0 0 0.000000 0.000000 
0 0 0 0 0 0
00101142 2 0 0 "Hbrace" ""  0
"L75X6" "A36" 180.000000 0 0
0.000000 0.000000 1.000000 6852.070000 6969.295000 29.290000 6854.500000 6967.570000 29.290000 0.000000 0.000000
0.000000 0.000000
0.000000 0.000000 0.210000 0.000000 0.000000 0.210000
0 0 0 0 0 0 0 0 0 0 0 0
0 ""  0 "10/26/12" "16:05:44" "12/26/12" "13:47:36" 0 0 
0 0 0 0 0 0 0 0 0 0 0 0 
0 0 0.000000 0 0 0.000000 0.000000 
0 0 0 0 0 0
00101143 7 0 0 "Beam" ""  0
"C150X75" "A36" 0.000000 0 0
0.000000 0.000000 1.000000 6849.000000 6973.545000 29.500000 6850.000000 6973.545000 29.500000 0.000000 0.000000
0.000000 0.000000
0.000000 0.000000 0.000000 0.000000 0.000000 0.000000
0 0 0 0 0 0 0 0 0 0 0 0
0 ""  0 "10/26/12" "18:27:06" "11/01/12" "15:11:39" 0 0 
0 0 0 0 0 0 0 0 0 0 0 0 
0 0 0.000000 0 0 0.000000 0.000000 
0 0 0 0 0 0
00101144 7 0 0 "Beam" ""  0
"C150X75" "A36" 0.000000 0 0
0.000000 0.000000 1.000000 6849.000000 6972.420000 29.500000 6850.000000 6972.420000 29.500000 0.000000 0.000000
0.000000 0.000000
0.000000 0.000000 0.000000 0.000000 0.000000 0.000000
0 0 0 0 0 0 0 0 0 0 0 0
0 ""  0 "10/26/12" "18:27:26" "11/01/12" "15:11:39" 0 0 
0 0 0 0 0 0 0 0 0 0 0 0 
0 0 0.000000 0 0 0.000000 0.000000 
0 0 0 0 0 0
00101146 8 0 0 "Vbrace" ""  0
"T150X150" "A36" 270.000000 0 1
0.000000 0.000000 1.000000 6851.630000 6965.010000 29.500000 6850.815000 6965.010000 30.250000 0.000000 0.000000
0.000000 0.000000
-3.130000 0.000000 0.000000 -1.565000 0.000000 -0.000000
0 0 0 0 0 0 0 0 0 0 0 0
0 ""  0 "11/01/12" "12:12:20" "11/01/12" "15:11:39" 0 0 
0 0 0 0 0 0 0 0 0 0 0 0 
0 0 0.000000 0 0 0.000000 0.000000 
0 0 0 0 0 0
00101147 8 0 0 "Vbrace" ""  0
"T150X150" "A36" 270.000000 0 1
0.000000 0.000000 1.000000 6850.815000 6965.580000 30.250000 6850.000000 6965.580000 31.000000 0.000000 0.000000
0.000000 0.000000
-1.565000 0.000000 -0.000000 0.000000 0.000000 0.000000
0 0 0 0 0 0 0 0 0 0 0 0
0 ""  0 "11/01/12" "12:13:40" "11/01/12" "15:11:39" 0 0 
0 0 0 0 0 0 0 0 0 0 0 0 
0 0 0.000000 0 0 0.000000 0.000000 
0 0 0 0 0 0
00101148 8 0 0 "Vbrace" ""  0
"T150X150" "A36" 270.000000 0 1
0.000000 0.000000 1.000000 6850.815000 6965.010000 30.250000 6850.000000 6965.010000 31.000000 0.000000 0.000000
0.000000 0.000000
-1.565000 0.000000 -0.000000 0.000000 0.000000 0.000000
0 0 0 0 0 0 0 0 0 0 0 0
0 ""  0 "11/01/12" "12:13:44" "11/01/12" "15:11:39" 0 0 
0 0 0 0 0 0 0 0 0 0 0 0 
0 0 0.000000 0 0 0.000000 0.000000 
0 0 0 0 0 0
00101149 8 0 0 "Beam" ""  0
"H194X150" "A36" 0.000000 0 0
0.000000 0.000000 1.000000 6849.500000 6965.010000 29.500000 6849.500000 6963.295000 29.500000 0.000000 0.000000
0.000000 0.000000
0.000000 0.000000 0.000000 0.000000 0.000000 0.000000
0 0 0 0 0 0 0 0 0 0 0 0
0 ""  0 "12/26/12" "11:48:58" "12/26/12" "11:49:26" 0 0 
0 0 0 0 0 0 0 0 0 0 0 0 
0 0 0.000000 0 0 0.000000 0.000000 
0 0 0 0 0 0
00101150 8 0 0 "Beam" ""  0
"H194X150" "A36" 0.000000 0 0
0.000000 0.000000 1.000000 6845.500000 6971.295000 29.500000 6844.900000 6971.295000 29.500000 0.000000 0.000000
0.000000 0.000000
0.000000 0.000000 0.000000 0.000000 0.000000 0.000000
0 0 0 0 0 0 0 0 0 0 0 0
0 ""  0 "12/26/12" "12:04:28" "12/26/12" "14:53:23" 0 0 
0 0 0 0 0 0 0 0 0 0 0 0 
0 0 0.000000 0 0 0.000000 0.000000 
0 0 0 0 0 0
00101151 8 0 0 "Beam" ""  0
"H194X150" "A36" 0.000000 0 0
0.000000 0.000000 1.000000 6845.500000 6967.295000 29.500000 6844.900000 6967.295000 29.500000 0.000000 0.000000
0.000000 0.000000
0.000000 0.000000 0.000000 0.000000 0.000000 0.000000
0 0 0 0 0 0 0 0 0 0 0 0
0 ""  0 "12/26/12" "12:04:35" "12/26/12" "14:53:54" 0 0 
0 0 0 0 0 0 0 0 0 0 0 0 
0 0 0.000000 0 0 0.000000 0.000000 
0 0 0 0 0 0
00101152 7 0 0 "Beam" ""  0
"C200X80" "A36" 0.000000 0 1
0.000000 0.000000 1.000000 6845.000000 6971.295000 29.500000 6845.000000 6967.295000 29.500000 0.000000 0.000000
0.000000 0.000000
0.000000 0.000000 0.000000 0.000000 0.000000 0.000000
0 0 0 0 0 0 0 0 0 0 0 0
0 ""  0 "12/26/12" "12:06:52" "12/26/12" "12:07:10" 0 0 
0 0 0 0 0 0 0 0 0 0 0 0 
0 0 0.000000 0 0 0.000000 0.000000 
0 0 0 0 0 0
00101153 8 0 0 "Beam" ""  0
"H194X150" "A36" 0.000000 0 0
0.000000 0.000000 1.000000 6854.500000 6971.295000 29.500000 6854.500000 6972.395000 29.500000 0.000000 0.000000
0.000000 0.000000
0.000000 0.000000 0.000000 0.000000 0.000000 0.000000
0 0 0 0 0 0 0 0 0 0 0 0
0 ""  0 "12/26/12" "12:20:37" "12/26/12" "14:28:53" 0 0 
0 0 0 0 0 0 0 0 0 0 0 0 
0 0 0.000000 0 0 0.000000 0.000000 
0 0 0 0 0 0
00101154 8 0 0 "Beam" ""  0
"H194X150" "A36" 0.000000 0 0
0.000000 0.000000 1.000000 6850.000000 6972.295000 29.500000 6854.500000 6972.295000 29.500000 0.000000 0.000000
0.000000 0.000000
0.000000 0.000000 0.000000 0.000000 0.000000 0.000000
0 0 0 0 0 0 0 0 0 0 0 0
0 ""  0 "12/26/12" "12:20:43" "12/26/12" "12:20:48" 0 0 
0 0 0 0 0 0 0 0 0 0 0 0 
0 0 0.000000 0 0 0.000000 0.000000 
0 0 0 0 0 0
00101155 8 0 0 "Beam" ""  0
"H194X150" "A36" 0.000000 0 0
0.000000 0.000000 1.000000 6850.350000 6971.295000 29.500000 6850.350000 6969.875000 29.500000 0.000000 0.000000
0.000000 0.000000
0.000000 0.000000 0.000000 0.000000 0.000000 0.000000
0 0 0 0 0 0 0 0 0 0 0 0
0 ""  0 "12/26/12" "12:21:51" "12/26/12" "12:28:30" 0 0 
0 0 0 0 0 0 0 0 0 0 0 0 
0 0 0.000000 0 0 0.000000 0.000000 
0 0 0 0 0 0
00101156 4 0 0 "Vbrace" ""  0
"L100X7" "A36" 180.000000 0 0
0.000000 0.000000 1.000000 6854.500000 6971.295000 28.403000 6854.500000 6972.295000 29.403000 0.000000 0.000000
0.000000 0.000000
0.000000 0.000000 0.000000 0.000000 0.000000 0.000000
0 0 0 0 0 0 0 0 0 0 0 0
0 ""  0 "12/26/12" "14:27:37" "12/26/12" "14:27:50" 0 0 
0 0 0 0 0 0 0 0 0 0 0 0 
0 0 0.000000 0 0 0.000000 0.000000 
0 0 0 0 0 0
