# Frameworks Plus Version : 07.03.00.13
Packet 00
"SDNF Version 3.0"
""
""
""
""
"8/13/13" "11:59:22"
0 ""
""
0
Packet 10
"meters" 23    
00700020 5 0 0 "Column" ""  0
"H100X50" "A36" 0.000000 0 0
1.000000 0.000000 0.000000 0.137088 0.474675 -0.138250 0.137088 0.474675 0.861750 0.000000 0.000000
0.000000 0.000000
0.000000 0.000000 0.000000 0.000000 0.000000 0.000000
0 0 0 0 0 0 0 0 0 0 0 0
0 ""  0 "8/13/13" "11:52:40" "8/13/13" "11:52:40" 0 0 
0 0 0 0 0 0 0 0 0 0 0 0 
0 0 0.000000 0 0 0.000000 0.000000 
0 0 0 0 0 0
00700021 5 0 0 "Column" ""  0
"H100X50" "A36" 0.000000 0 0
1.000000 0.000000 0.000000 0.939575 0.474675 -0.138250 0.939575 0.474675 0.861750 0.000000 0.000000
0.000000 0.000000
0.000000 0.000000 0.000000 0.000000 0.000000 0.000000
0 0 0 0 0 0 0 0 0 0 0 0
0 ""  0 "8/13/13" "11:52:53" "8/13/13" "11:52:53" 0 0 
0 0 0 0 0 0 0 0 0 0 0 0 
0 0 0.000000 0 0 0.000000 0.000000 
0 0 0 0 0 0
00700022 8 0 0 "Beam" ""  0
"H100X50" "A36" 0.000000 0 0
0.000000 0.000000 1.000000 0.137088 0.474675 0.861750 0.939575 0.474675 0.861750 0.050000 0.050000
0.000000 0.000000
0.000000 0.000000 0.000000 0.000000 0.000000 0.000000
0 0 0 0 0 0 0 0 0 0 0 0
0 ""  0 "8/13/13" "11:53:00" "8/13/13" "11:53:46" 0 0 
0 0 0 0 0 0 0 0 0 0 0 0 
0 0 0.000000 0 0 0.000000 0.000000 
0 0 0 0 0 0
00700023 5 0 0 "Column" ""  0
"H100X50" "A36" 0.000000 0 0
1.000000 0.000000 0.000000 0.137088 -0.525325 -0.138250 0.137088 -0.525325 0.861750 0.000000 0.000000
0.000000 0.000000
0.000000 0.000000 0.000000 0.000000 0.000000 0.000000
0 0 0 0 0 0 0 0 0 0 0 0
0 ""  0 "8/13/13" "11:53:14" "8/13/13" "11:53:14" 0 0 
0 0 0 0 0 0 0 0 0 0 0 0 
0 0 0.000000 0 0 0.000000 0.000000 
0 0 0 0 0 0
00700024 5 0 0 "Column" ""  0
"H100X50" "A36" 0.000000 0 0
1.000000 0.000000 0.000000 0.939575 -0.525325 -0.138250 0.939575 -0.525325 0.861750 0.000000 0.000000
0.000000 0.000000
0.000000 0.000000 0.000000 0.000000 0.000000 0.000000
0 0 0 0 0 0 0 0 0 0 0 0
0 ""  0 "8/13/13" "11:53:14" "8/13/13" "11:53:14" 0 0 
0 0 0 0 0 0 0 0 0 0 0 0 
0 0 0.000000 0 0 0.000000 0.000000 
0 0 0 0 0 0
00700025 8 0 0 "Beam" ""  0
"H100X50" "A36" 0.000000 0 0
0.000000 0.000000 1.000000 0.137088 -0.525325 0.861750 0.939575 -0.525325 0.861750 0.050000 0.050000
0.000000 0.000000
0.000000 0.000000 0.000000 0.000000 0.000000 0.000000
0 0 0 0 0 0 0 0 0 0 0 0
0 ""  0 "8/13/13" "11:53:14" "8/13/13" "11:53:46" 0 0 
0 0 0 0 0 0 0 0 0 0 0 0 
0 0 0.000000 0 0 0.000000 0.000000 
0 0 0 0 0 0
00700026 5 0 0 "Column" ""  0
"H100X50" "A36" 0.000000 0 0
1.000000 0.000000 0.000000 0.137088 -1.706988 -0.138250 0.137088 -1.706988 0.861750 0.000000 0.000000
0.000000 0.000000
0.000000 0.000000 0.000000 0.000000 0.000000 0.000000
0 0 0 0 0 0 0 0 0 0 0 0
0 ""  0 "8/13/13" "11:53:22" "8/13/13" "11:53:22" 0 0 
0 0 0 0 0 0 0 0 0 0 0 0 
0 0 0.000000 0 0 0.000000 0.000000 
0 0 0 0 0 0
00700027 5 0 0 "Column" ""  0
"H100X50" "A36" 0.000000 0 0
1.000000 0.000000 0.000000 0.939575 -1.706988 -0.138250 0.939575 -1.706988 0.861750 0.000000 0.000000
0.000000 0.000000
0.000000 0.000000 0.000000 0.000000 0.000000 0.000000
0 0 0 0 0 0 0 0 0 0 0 0
0 ""  0 "8/13/13" "11:53:22" "8/13/13" "11:53:22" 0 0 
0 0 0 0 0 0 0 0 0 0 0 0 
0 0 0.000000 0 0 0.000000 0.000000 
0 0 0 0 0 0
00700028 8 0 0 "Beam" ""  0
"H100X50" "A36" 0.000000 0 0
0.000000 0.000000 1.000000 0.137088 -1.706988 0.861750 0.939575 -1.706988 0.861750 0.050000 0.050000
0.000000 0.000000
0.000000 0.000000 0.000000 0.000000 0.000000 0.000000
0 0 0 0 0 0 0 0 0 0 0 0
0 ""  0 "8/13/13" "11:53:22" "8/13/13" "11:53:46" 0 0 
0 0 0 0 0 0 0 0 0 0 0 0 
0 0 0.000000 0 0 0.000000 0.000000 
0 0 0 0 0 0
00700029 5 0 0 "Column" ""  0
"H100X50" "A36" 0.000000 0 0
1.000000 0.000000 0.000000 0.137088 -2.706988 -0.138250 0.137088 -2.706988 0.861750 0.000000 0.000000
0.000000 0.000000
0.000000 0.000000 0.000000 0.000000 0.000000 0.000000
0 0 0 0 0 0 0 0 0 0 0 0
0 ""  0 "8/13/13" "11:53:22" "8/13/13" "11:53:22" 0 0 
0 0 0 0 0 0 0 0 0 0 0 0 
0 0 0.000000 0 0 0.000000 0.000000 
0 0 0 0 0 0
00700030 5 0 0 "Column" ""  0
"H100X50" "A36" 0.000000 0 0
1.000000 0.000000 0.000000 0.939575 -2.706988 -0.138250 0.939575 -2.706988 0.861750 0.000000 0.000000
0.000000 0.000000
0.000000 0.000000 0.000000 0.000000 0.000000 0.000000
0 0 0 0 0 0 0 0 0 0 0 0
0 ""  0 "8/13/13" "11:53:22" "8/13/13" "11:53:22" 0 0 
0 0 0 0 0 0 0 0 0 0 0 0 
0 0 0.000000 0 0 0.000000 0.000000 
0 0 0 0 0 0
00700031 8 0 0 "Beam" ""  0
"H100X50" "A36" 0.000000 0 0
0.000000 0.000000 1.000000 0.137088 -2.706988 0.861750 0.939575 -2.706988 0.861750 0.050000 0.050000
0.000000 0.000000
0.000000 0.000000 0.000000 0.000000 0.000000 0.000000
0 0 0 0 0 0 0 0 0 0 0 0
0 ""  0 "8/13/13" "11:53:22" "8/13/13" "11:53:46" 0 0 
0 0 0 0 0 0 0 0 0 0 0 0 
0 0 0.000000 0 0 0.000000 0.000000 
0 0 0 0 0 0
00700032 8 0 0 "Beam" ""  0
"H100X50" "A36" 0.000000 0 0
0.000000 0.000000 1.000000 0.939575 0.474675 0.861750 0.939575 -2.706988 0.861750 0.002500 0.002500
0.000000 0.000000
0.000000 0.000000 0.000000 0.000000 0.000000 0.000000
0 0 0 0 0 0 0 0 0 0 0 0
0 ""  0 "8/13/13" "11:53:27" "8/13/13" "11:53:46" 0 0 
0 0 0 0 0 0 0 0 0 0 0 0 
0 0 0.000000 0 0 0.000000 0.000000 
0 0 0 0 0 0
00700033 8 0 0 "Beam" ""  0
"H100X50" "A36" 0.000000 0 0
0.000000 0.000000 1.000000 0.137088 0.474675 0.861750 0.137088 -2.706988 0.861750 0.002500 0.002500
0.000000 0.000000
0.000000 0.000000 0.000000 0.000000 0.000000 0.000000
0 0 0 0 0 0 0 0 0 0 0 0
0 ""  0 "8/13/13" "11:53:34" "8/13/13" "11:53:46" 0 0 
0 0 0 0 0 0 0 0 0 0 0 0 
0 0 0.000000 0 0 0.000000 0.000000 
0 0 0 0 0 0
00700034 10 0 0 "Vbrace" ""  0
"L40X40X3" "A36" 0.000000 0 0
0.000000 0.000000 1.000000 0.137088 0.474675 0.861750 0.137088 -0.525325 -0.138250 0.000000 0.000000
0.000000 0.000000
0.000000 0.000000 0.000000 0.000000 0.000000 0.000000
0 0 0 0 0 0 0 0 0 0 0 0
0 ""  0 "8/13/13" "11:57:53" "8/13/13" "11:57:53" 0 0 
0 0 0 0 0 0 0 0 0 0 0 0 
0 0 0.000000 0 0 0.000000 0.000000 
0 0 0 0 0 0
00700035 10 0 0 "Vbrace" ""  0
"L40X40X3" "A36" 0.000000 0 0
0.000000 0.000000 1.000000 0.137088 -0.525325 -0.138250 0.137088 -1.706988 0.861750 0.000000 0.000000
0.000000 0.000000
0.000000 0.000000 0.000000 0.000000 0.000000 0.000000
0 0 0 0 0 0 0 0 0 0 0 0
0 ""  0 "8/13/13" "11:57:55" "8/13/13" "11:57:55" 0 0 
0 0 0 0 0 0 0 0 0 0 0 0 
0 0 0.000000 0 0 0.000000 0.000000 
0 0 0 0 0 0
00700036 10 0 0 "Vbrace" ""  0
"L40X40X3" "A36" 0.000000 0 0
0.000000 0.000000 1.000000 0.137088 -1.706988 0.861750 0.137088 -2.706988 -0.138250 0.000000 0.000000
0.000000 0.000000
0.000000 0.000000 0.000000 0.000000 0.000000 0.000000
0 0 0 0 0 0 0 0 0 0 0 0
0 ""  0 "8/13/13" "11:57:56" "8/13/13" "11:57:56" 0 0 
0 0 0 0 0 0 0 0 0 0 0 0 
0 0 0.000000 0 0 0.000000 0.000000 
0 0 0 0 0 0
00700037 10 0 0 "Vbrace" ""  0
"L40X40X3" "A36" 0.000000 0 0
0.000000 0.000000 1.000000 0.939575 -2.706988 -0.138250 0.939575 -1.706988 0.361750 0.000000 0.000000
0.000000 0.000000
0.000000 0.000000 0.000000 0.000000 0.000000 0.000000
0 0 0 0 0 0 0 0 0 0 0 0
0 ""  0 "8/13/13" "11:58:02" "8/13/13" "11:58:02" 0 0 
0 0 0 0 0 0 0 0 0 0 0 0 
0 0 0.000000 0 0 0.000000 0.000000 
0 0 0 0 0 0
00700038 10 0 0 "Vbrace" ""  0
"L40X40X3" "A36" 0.000000 0 0
0.000000 0.000000 1.000000 0.939575 -1.706988 0.361750 0.939575 -2.706988 0.861750 0.000000 0.000000
0.000000 0.000000
0.000000 0.000000 0.000000 0.000000 0.000000 0.000000
0 0 0 0 0 0 0 0 0 0 0 0
0 ""  0 "8/13/13" "11:58:04" "8/13/13" "11:58:04" 0 0 
0 0 0 0 0 0 0 0 0 0 0 0 
0 0 0.000000 0 0 0.000000 0.000000 
0 0 0 0 0 0
00700039 10 0 0 "Vbrace" ""  0
"L40X40X3" "A36" 0.000000 0 0
0.000000 0.000000 1.000000 0.939575 -1.706988 0.361750 0.939575 -0.525325 0.861750 0.000000 0.000000
0.000000 0.000000
0.000000 0.000000 0.000000 0.000000 0.000000 0.000000
0 0 0 0 0 0 0 0 0 0 0 0
0 ""  0 "8/13/13" "11:58:06" "8/13/13" "11:58:06" 0 0 
0 0 0 0 0 0 0 0 0 0 0 0 
0 0 0.000000 0 0 0.000000 0.000000 
0 0 0 0 0 0
00700040 10 0 0 "Vbrace" ""  0
"L40X40X3" "A36" 0.000000 0 0
0.000000 0.000000 1.000000 0.939575 -1.706988 0.361750 0.939575 -0.525325 -0.138250 0.000000 0.000000
0.000000 0.000000
0.000000 0.000000 0.000000 0.000000 0.000000 0.000000
0 0 0 0 0 0 0 0 0 0 0 0
0 ""  0 "8/13/13" "11:58:09" "8/13/13" "11:58:09" 0 0 
0 0 0 0 0 0 0 0 0 0 0 0 
0 0 0.000000 0 0 0.000000 0.000000 
0 0 0 0 0 0
00700041 8 0 0 "Hbrace" ""  0
"C75X40X5" "A36" 0.000000 0 0
0.000000 0.000000 1.000000 0.939575 0.474675 0.861750 0.137088 -0.525325 0.861750 0.000000 0.000000
0.000000 0.000000
0.000000 0.000000 0.000000 0.000000 0.000000 0.000000
0 0 0 0 0 0 0 0 0 0 0 0
0 ""  0 "8/13/13" "11:58:16" "8/13/13" "11:58:16" 0 0 
0 0 0 0 0 0 0 0 0 0 0 0 
0 0 0.000000 0 0 0.000000 0.000000 
0 0 0 0 0 0
00700042 8 0 0 "Hbrace" ""  0
"C75X40X5" "A36" 0.000000 0 0
0.000000 0.000000 1.000000 0.137088 0.474675 0.861750 0.939575 -0.525325 0.861750 0.000000 0.000000
0.000000 0.000000
0.000000 0.000000 0.000000 0.000000 0.000000 0.000000
0 0 0 0 0 0 0 0 0 0 0 0
0 ""  0 "8/13/13" "11:58:19" "8/13/13" "11:58:19" 0 0 
0 0 0 0 0 0 0 0 0 0 0 0 
0 0 0.000000 0 0 0.000000 0.000000 
0 0 0 0 0 0
