# Frameworks Plus Version : 07.03.00.28
Packet 00
"SDNF Version 3.0"
""
""
""
""
"7/10/13" "16:57:06"
0 ""
""
0
Packet 10
"meters" 187   
00200001 5 0 0 "Column" ""  0
"H200X200" "A36" 0.000000 0 0
1.000000 0.000000 0.000000 7154.6000 6479.5000 23.3000 7154.6000 6479.5000 26.1000 0.000000 0.000000
0.000000 0.000000
0.0000 0.0000 0.0000 0.0000 0.0000 0.0000
0 0 0 0 0 0 0 0 0 0 0 0
0 ""  0 "5/09/12" "15:53:38" "10/08/12" "21:21:05" 0 0 
0 0 0 0 0 0 0 0 0 0 0 0 
0 0 0.000000 0 0 0.000000 0.000000 
0 0 0 0 0 0
00200002 5 0 0 "Column" ""  0
"H390X300" "A36" 0.000000 0 0
1.000000 0.000000 0.000000 7158.0000 6479.5000 23.3000 7158.0000 6479.5000 32.0000 0.000000 0.000000
0.000000 0.000000
0.0000 0.0000 0.0000 0.0000 0.0000 0.0000
0 0 0 0 0 0 0 0 0 0 0 0
0 ""  0 "5/09/12" "15:53:39" "10/08/12" "21:21:08" 0 0 
0 0 0 0 0 0 0 0 0 0 0 0 
0 0 0.000000 0 0 0.000000 0.000000 
0 0 0 0 0 0
00200003 5 0 0 "Column" ""  0
"H390X300" "A36" 0.000000 0 0
1.000000 0.000000 0.000000 7164.0000 6479.5000 23.3000 7164.0000 6479.5000 32.0000 0.000000 0.000000
0.000000 0.000000
0.0000 0.0000 0.0000 0.0000 0.0000 0.0000
0 0 0 0 0 0 0 0 0 0 0 0
0 ""  0 "5/09/12" "15:53:40" "10/08/12" "21:21:16" 0 0 
0 0 0 0 0 0 0 0 0 0 0 0 
0 0 0.000000 0 0 0.000000 0.000000 
0 0 0 0 0 0
00200004 5 0 0 "Column" ""  0
"H200X200" "A36" 0.000000 0 0
1.000000 0.000000 0.000000 7154.6000 6469.5000 23.3000 7154.6000 6469.5000 26.1000 0.000000 0.000000
0.000000 0.000000
0.0000 0.0000 0.0000 0.0000 0.0000 0.0000
0 0 0 0 0 0 0 0 0 0 0 0
0 ""  0 "5/09/12" "15:53:41" "10/08/12" "21:21:45" 0 0 
0 0 0 0 0 0 0 0 0 0 0 0 
0 0 0.000000 0 0 0.000000 0.000000 
0 0 0 0 0 0
00200005 5 0 0 "Column" ""  0
"H390X300" "A36" 0.000000 0 0
1.000000 0.000000 0.000000 7158.0000 6469.5000 23.3000 7158.0000 6469.5000 32.0000 0.000000 0.000000
0.000000 0.000000
0.0000 0.0000 0.0000 0.0000 0.0000 0.0000
0 0 0 0 0 0 0 0 0 0 0 0
0 ""  0 "5/09/12" "15:53:42" "10/08/12" "21:21:40" 0 0 
0 0 0 0 0 0 0 0 0 0 0 0 
0 0 0.000000 0 0 0.000000 0.000000 
0 0 0 0 0 0
00200006 5 0 0 "Column" ""  0
"H390X300" "A36" 0.000000 0 0
1.000000 0.000000 0.000000 7164.0000 6469.5000 23.3000 7164.0000 6469.5000 32.0000 0.000000 0.000000
0.000000 0.000000
0.0000 0.0000 0.0000 0.0000 0.0000 0.0000
0 0 0 0 0 0 0 0 0 0 0 0
0 ""  0 "5/09/12" "15:53:42" "10/08/12" "21:21:33" 0 0 
0 0 0 0 0 0 0 0 0 0 0 0 
0 0 0.000000 0 0 0.000000 0.000000 
0 0 0 0 0 0
00200007 8 0 0 "Beam" ""  0
"H700X300" "A36" 0.000000 0 0
0.000000 0.000000 1.000000 7158.0000 6479.5000 30.5000 7164.0000 6479.5000 30.5000 0.000000 0.000000
0.000000 0.000000
0.0000 0.0000 0.0000 0.0000 0.0000 0.0000
0 0 0 0 0 0 0 0 0 0 0 0
0 ""  0 "5/09/12" "15:54:18" "11/26/12" "17:13:02" 0 0 
0 0 0 0 0 0 0 0 0 0 0 0 
0 0 0.000000 0 0 0.000000 0.000000 
0 0 0 0 0 0
00200008 8 0 0 "Beam" ""  0
"H700X300" "A36" 0.000000 0 0
0.000000 0.000000 1.000000 7158.0000 6469.5000 30.5000 7164.0000 6469.5000 30.5000 0.000000 0.000000
0.000000 0.000000
0.0000 0.0000 0.0000 0.0000 0.0000 0.0000
0 0 0 0 0 0 0 0 0 0 0 0
0 ""  0 "5/09/12" "15:54:20" "8/31/12" "14:03:31" 0 0 
0 0 0 0 0 0 0 0 0 0 0 0 
0 0 0.000000 0 0 0.000000 0.000000 
0 0 0 0 0 0
00200009 8 0 0 "Beam" ""  0
"H700X300" "A36" 0.000000 0 0
0.000000 0.000000 1.000000 7164.0000 6469.5000 30.5000 7164.0000 6479.5000 30.5000 0.000000 0.000000
0.000000 0.000000
0.0000 0.0000 0.0000 0.0000 0.0000 0.0000
0 0 0 0 0 0 0 0 0 0 0 0
0 ""  0 "5/09/12" "15:54:22" "8/29/12" "20:23:42" 0 0 
0 0 0 0 0 0 0 0 0 0 0 0 
0 0 0.000000 0 0 0.000000 0.000000 
0 0 0 0 0 0
00200010 8 0 0 "Beam" ""  0
"H700X300" "A36" 0.000000 0 0
0.000000 0.000000 1.000000 7158.0000 6469.5000 30.5000 7158.0000 6479.5000 30.5000 0.000000 0.000000
0.000000 0.000000
0.0000 0.0000 0.0000 0.0000 0.0000 0.0000
0 0 0 0 0 0 0 0 0 0 0 0
0 ""  0 "5/09/12" "15:54:23" "8/29/12" "20:23:03" 0 0 
0 0 0 0 0 0 0 0 0 0 0 0 
0 0 0.000000 0 0 0.000000 0.000000 
0 0 0 0 0 0
00200018 8 0 0 "Beam" ""  0
"H588X300" "A36" 0.000000 0 0
0.000000 0.000000 1.000000 7158.0000 6479.5000 36.5000 7164.0000 6479.5000 36.5000 0.000000 0.000000
0.000000 0.000000
0.0000 0.0000 0.0000 0.0000 0.0000 0.0000
0 0 0 0 0 0 0 0 0 0 0 0
0 ""  0 "5/09/12" "15:57:05" "8/29/12" "19:36:39" 0 0 
0 0 0 0 0 0 0 0 0 0 0 0 
0 0 0.000000 0 0 0.000000 0.000000 
0 0 0 0 0 0
00200020 8 0 0 "Beam" ""  0
"H588X300" "A36" 0.000000 0 0
0.000000 0.000000 1.000000 7158.0000 6469.5000 36.5000 7164.0000 6469.5000 36.5000 0.000000 0.000000
0.000000 0.000000
0.0000 0.0000 0.0000 0.0000 0.0000 0.0000
0 0 0 0 0 0 0 0 0 0 0 0
0 ""  0 "5/09/12" "15:57:08" "8/31/12" "14:04:44" 0 0 
0 0 0 0 0 0 0 0 0 0 0 0 
0 0 0.000000 0 0 0.000000 0.000000 
0 0 0 0 0 0
00200022 8 0 0 "Beam" ""  0
"H588X300" "A36" 0.000000 0 0
0.000000 0.000000 1.000000 7158.0000 6469.5000 36.5000 7158.0000 6479.5000 36.5000 0.000000 0.000000
0.000000 0.000000
0.0000 0.0000 0.0000 0.0000 0.0000 0.0000
0 0 0 0 0 0 0 0 0 0 0 0
0 ""  0 "5/09/12" "15:57:10" "8/29/12" "20:22:59" 0 0 
0 0 0 0 0 0 0 0 0 0 0 0 
0 0 0.000000 0 0 0.000000 0.000000 
0 0 0 0 0 0
00200023 8 0 0 "Beam" ""  0
"H588X300" "A36" 0.000000 0 0
0.000000 0.000000 1.000000 7164.0000 6469.5000 36.5000 7164.0000 6479.5000 36.5000 0.000000 0.000000
0.000000 0.000000
0.0000 0.0000 0.0000 0.0000 0.0000 0.0000
0 0 0 0 0 0 0 0 0 0 0 0
0 ""  0 "5/09/12" "15:57:12" "8/29/12" "20:23:44" 0 0 
0 0 0 0 0 0 0 0 0 0 0 0 
0 0 0.000000 0 0 0.000000 0.000000 
0 0 0 0 0 0
00200033 5 0 0 "Vbrace" ""  0
"H200X200" "A36" 0.000000 0 0
0.000000 0.000000 1.000000 7158.0000 6469.5000 30.8000 7158.0000 6474.4000 36.2060 0.000000 0.000000
0.000000 0.000000
0.0000 0.0000 0.0000 0.0000 0.0000 0.0000
0 0 0 0 0 0 0 0 0 0 0 0
0 ""  0 "5/09/12" "15:59:49" "8/29/12" "20:24:40" 0 0 
0 0 0 0 0 0 0 0 0 0 0 0 
0 0 0.000000 0 0 0.000000 0.000000 
0 0 0 0 0 0
00200038 5 0 0 "Vbrace" ""  0
"H200X200" "A36" 0.000000 0 0
0.000000 0.000000 1.000000 7164.0000 6469.5000 30.8000 7164.0000 6474.4000 36.2060 0.000000 0.000000
0.000000 0.000000
0.0000 0.0000 0.0000 0.0000 0.0000 0.0000
0 0 0 0 0 0 0 0 0 0 0 0
0 ""  0 "5/09/12" "16:00:23" "10/08/12" "21:21:35" 0 0 
0 0 0 0 0 0 0 0 0 0 0 0 
0 0 0.000000 0 0 0.000000 0.000000 
0 0 0 0 0 0
00200039 5 0 0 "Vbrace" ""  0
"H200X200" "A36" 0.000000 0 0
0.000000 0.000000 1.000000 7164.0000 6479.5000 30.8000 7164.0000 6474.6000 36.2060 0.000000 0.000000
0.000000 0.000000
0.0000 0.0000 0.0000 0.0000 0.0000 0.0000
0 0 0 0 0 0 0 0 0 0 0 0
0 ""  0 "5/09/12" "16:00:25" "8/29/12" "20:25:45" 0 0 
0 0 0 0 0 0 0 0 0 0 0 0 
0 0 0.000000 0 0 0.000000 0.000000 
0 0 0 0 0 0
00200043 8 0 0 "Beam" ""  0
"H600X200" "A36" 0.000000 0 0
0.000000 0.000000 1.000000 7158.0000 6469.5000 26.0000 7158.0000 6479.5000 26.0000 0.000000 0.000000
0.000000 0.000000
0.0000 0.0000 0.0000 0.0000 0.0000 0.0000
0 0 0 0 0 0 0 0 0 0 0 0
0 ""  0 "5/24/12" "19:25:00" "8/29/12" "20:23:05" 0 0 
0 0 0 0 0 0 0 0 0 0 0 0 
0 0 0.000000 0 0 0.000000 0.000000 
0 0 0 0 0 0
00200044 8 0 0 "Beam" ""  0
"H600X200" "A36" 0.000000 0 0
0.000000 0.000000 1.000000 7154.6000 6469.5000 26.0000 7154.6000 6479.5000 26.0000 0.000000 0.000000
0.000000 0.000000
0.0000 0.0000 0.0000 0.0000 0.0000 0.0000
0 0 0 0 0 0 0 0 0 0 0 0
0 ""  0 "5/24/12" "19:25:00" "8/29/12" "19:37:09" 0 0 
0 0 0 0 0 0 0 0 0 0 0 0 
0 0 0.000000 0 0 0.000000 0.000000 
0 0 0 0 0 0
00200045 8 0 0 "Beam" ""  0
"H600X200" "A36" 0.000000 0 0
0.000000 0.000000 1.000000 7154.6000 6469.5000 26.0000 7158.0000 6469.5000 26.0000 0.000000 0.000000
0.000000 0.000000
0.0000 0.0000 0.0000 0.0000 0.0000 0.0000
0 0 0 0 0 0 0 0 0 0 0 0
0 ""  0 "5/24/12" "19:25:00" "8/29/12" "19:36:54" 0 0 
0 0 0 0 0 0 0 0 0 0 0 0 
0 0 0.000000 0 0 0.000000 0.000000 
0 0 0 0 0 0
00200046 8 0 0 "Beam" ""  0
"H600X200" "A36" 0.000000 0 0
0.000000 0.000000 1.000000 7154.6000 6479.5000 26.0000 7158.0000 6479.5000 26.0000 0.000000 0.000000
0.000000 0.000000
0.0000 0.0000 0.0000 0.0000 0.0000 0.0000
0 0 0 0 0 0 0 0 0 0 0 0
0 ""  0 "5/24/12" "19:25:00" "8/29/12" "19:36:43" 0 0 
0 0 0 0 0 0 0 0 0 0 0 0 
0 0 0.000000 0 0 0.000000 0.000000 
0 0 0 0 0 0
00200048 8 0 0 "Beam" ""  0
"H390X300" "A36" 0.000000 0 0
0.000000 0.000000 1.000000 7154.6000 6474.4600 26.0000 7158.0000 6474.4600 26.0000 0.000000 0.000000
0.000000 0.000000
0.0000 0.0000 0.0000 0.0000 0.0000 0.0000
0 0 0 0 0 0 0 0 0 0 0 0
0 ""  0 "5/24/12" "19:25:17" "8/28/12" "13:28:58" 0 0 
0 0 0 0 0 0 0 0 0 0 0 0 
0 0 0.000000 0 0 0.000000 0.000000 
0 0 0 0 0 0
00200049 8 0 0 "Beam" ""  0
"H390X300" "A36" 0.000000 0 0
0.000000 0.000000 1.000000 7154.6000 6471.4600 26.0000 7158.0000 6471.4600 26.0000 0.000000 0.000000
0.000000 0.000000
0.0000 0.0000 0.0000 0.0000 0.0000 0.0000
0 0 0 0 0 0 0 0 0 0 0 0
0 ""  0 "5/24/12" "19:25:21" "8/28/12" "17:36:32" 0 0 
0 0 0 0 0 0 0 0 0 0 0 0 
0 0 0.000000 0 0 0.000000 0.000000 
0 0 0 0 0 0
00200056 8 0 0 "Beam" ""  0
"H340X250" "A36" 0.000000 0 0
0.000000 0.000000 1.000000 7161.0000 6477.4250 30.5000 7164.0000 6477.4250 30.5000 0.000000 0.000000
0.000000 0.000000
0.0000 0.0000 0.0000 0.0000 0.0000 0.0000
0 0 0 0 0 0 0 0 0 0 0 0
0 ""  0 "5/24/12" "19:27:18" "9/21/12" "14:23:01" 0 0 
0 0 0 0 0 0 0 0 0 0 0 0 
0 0 0.000000 0 0 0.000000 0.000000 
0 0 0 0 0 0
00200057 8 0 0 "Beam" ""  0
"H700X300" "A36" 0.000000 0 0
0.000000 0.000000 1.000000 7158.0000 6474.8000 30.5000 7164.0000 6474.8000 30.5000 0.000000 0.000000
0.000000 0.000000
0.0000 0.0000 0.0000 0.0000 0.0000 0.0000
0 0 0 0 0 0 0 0 0 0 0 0
0 ""  0 "5/24/12" "19:27:21" "1/04/13" "11:44:40" 0 0 
0 0 0 0 0 0 0 0 0 0 0 0 
0 0 0.000000 0 0 0.000000 0.000000 
0 0 0 0 0 0
00200058 8 0 0 "Beam" ""  0
"H390X300" "A36" 0.000000 0 0
0.000000 0.000000 1.000000 7161.0000 6469.5000 30.5000 7161.0000 6474.8000 30.5000 0.000000 0.000000
0.000000 0.000000
0.0000 0.0000 0.0000 0.0000 0.0000 0.0000
0 0 0 0 0 0 0 0 0 0 0 0
0 ""  0 "5/24/12" "19:27:25" "1/04/13" "11:40:52" 0 0 
0 0 0 0 0 0 0 0 0 0 0 0 
0 0 0.000000 0 0 0.000000 0.000000 
0 0 0 0 0 0
00200059 8 0 0 "Beam" ""  0
"H390X300" "A36" 0.000000 0 0
0.000000 0.000000 1.000000 7161.0000 6474.8000 30.5000 7161.0000 6479.5000 30.5000 0.000000 0.000000
0.000000 0.000000
0.0000 0.0000 0.0000 0.0000 0.0000 0.0000
0 0 0 0 0 0 0 0 0 0 0 0
0 ""  0 "5/24/12" "19:27:30" "1/04/13" "11:40:50" 0 0 
0 0 0 0 0 0 0 0 0 0 0 0 
0 0 0.000000 0 0 0.000000 0.000000 
0 0 0 0 0 0
00200061 8 0 0 "Beam" ""  0
"H588X300" "A36" 0.000000 0 0
0.000000 0.000000 1.000000 7158.0000 6475.4250 36.5000 7164.0000 6475.4250 36.5000 0.000000 0.000000
0.000000 0.000000
0.0000 0.0000 0.0000 0.0000 0.0000 0.0000
0 0 0 0 0 0 0 0 0 0 0 0
0 ""  0 "5/24/12" "19:27:57" "11/26/12" "16:33:56" 0 0 
0 0 0 0 0 0 0 0 0 0 0 0 
0 0 0.000000 0 0 0.000000 0.000000 
0 0 0 0 0 0
00200062 8 0 0 "Beam" ""  0
"H588X300" "A36" 0.000000 0 0
0.000000 0.000000 1.000000 7158.0000 6473.8750 36.5000 7164.0000 6473.8750 36.5000 0.000000 0.000000
0.000000 0.000000
0.0000 0.0000 0.0000 0.0000 0.0000 0.0000
0 0 0 0 0 0 0 0 0 0 0 0
0 ""  0 "5/24/12" "19:28:02" "9/21/12" "14:27:46" 0 0 
0 0 0 0 0 0 0 0 0 0 0 0 
0 0 0.000000 0 0 0.000000 0.000000 
0 0 0 0 0 0
00200063 8 0 0 "Beam" ""  0
"H294X200" "A36" 0.000000 0 0
0.000000 0.000000 1.000000 7161.0000 6469.5000 36.5000 7161.0000 6473.8750 36.5000 0.000000 0.000000
0.000000 0.000000
0.0000 0.0000 0.0000 0.0000 0.0000 0.0000
0 0 0 0 0 0 0 0 0 0 0 0
0 ""  0 "5/24/12" "19:28:07" "11/12/12" "11:30:21" 0 0 
0 0 0 0 0 0 0 0 0 0 0 0 
0 0 0.000000 0 0 0.000000 0.000000 
0 0 0 0 0 0
00200064 8 0 0 "Beam" ""  0
"H294X200" "A36" 0.000000 0 0
0.000000 0.000000 1.000000 7161.2500 6475.4250 36.5000 7161.2500 6479.5000 36.5000 0.000000 0.000000
0.000000 0.000000
0.0000 0.0000 0.0000 0.0000 0.0000 0.0000
0 0 0 0 0 0 0 0 0 0 0 0
0 ""  0 "5/24/12" "19:28:12" "11/26/12" "16:26:26" 0 0 
0 0 0 0 0 0 0 0 0 0 0 0 
0 0 0.000000 0 0 0.000000 0.000000 
0 0 0 0 0 0
00200065 8 0 0 "Beam" ""  0
"H194X150" "A36" 0.000000 0 0
0.000000 0.000000 1.000000 7161.0000 6473.8750 36.5000 7161.0000 6475.4250 36.5000 0.000000 0.000000
0.000000 0.000000
0.0000 0.0000 0.0000 0.0000 0.0000 0.0000
0 0 0 0 0 0 0 0 0 0 0 0
0 ""  0 "5/24/12" "19:28:14" "11/12/12" "11:30:21" 0 0 
0 0 0 0 0 0 0 0 0 0 0 0 
0 0 0.000000 0 0 0.000000 0.000000 
0 0 0 0 0 0
00200066 5 0 0 "Vbrace" ""  0
"H200X200" "A36" 0.000000 0 0
0.000000 0.000000 1.000000 7158.0000 6469.5000 23.6000 7158.0000 6472.0000 25.7000 0.000000 0.000000
0.000000 0.000000
0.0000 0.0000 0.0000 0.0000 0.0000 0.0000
0 0 0 0 0 0 0 0 0 0 0 0
0 ""  0 "5/24/12" "19:29:52" "8/28/12" "17:25:27" 0 0 
0 0 0 0 0 0 0 0 0 0 0 0 
0 0 0.000000 0 0 0.000000 0.000000 
0 0 0 0 0 0
00200067 5 0 0 "Vbrace" ""  0
"H200X200" "A36" 0.000000 0 0
0.000000 0.000000 1.000000 7158.0000 6479.5000 23.6000 7158.0000 6477.0000 25.7000 0.000000 0.000000
0.000000 0.000000
0.0000 0.0000 0.0000 0.0000 0.0000 0.0000
0 0 0 0 0 0 0 0 0 0 0 0
0 ""  0 "5/24/12" "19:29:52" "8/28/12" "17:25:29" 0 0 
0 0 0 0 0 0 0 0 0 0 0 0 
0 0 0.000000 0 0 0.000000 0.000000 
0 0 0 0 0 0
00200070 5 0 0 "Vbrace" ""  0
"H200X200" "A36" 0.000000 0 0
0.000000 0.000000 1.000000 7164.0000 6479.5000 23.6000 7164.0000 6477.0000 25.7000 0.000000 0.000000
0.000000 0.000000
0.0000 0.0000 0.0000 0.0000 0.0000 0.0000
0 0 0 0 0 0 0 0 0 0 0 0
0 ""  0 "5/24/12" "19:30:10" "8/28/12" "18:35:09" 0 0 
0 0 0 0 0 0 0 0 0 0 0 0 
0 0 0.000000 0 0 0.000000 0.000000 
0 0 0 0 0 0
00200071 5 0 0 "Vbrace" ""  0
"H200X200" "A36" 0.000000 0 0
0.000000 0.000000 1.000000 7164.0000 6469.5000 23.6000 7164.0000 6472.0000 25.7000 0.000000 0.000000
0.000000 0.000000
0.0000 0.0000 0.0000 0.0000 0.0000 0.0000
0 0 0 0 0 0 0 0 0 0 0 0
0 ""  0 "5/24/12" "19:30:10" "8/28/12" "18:35:08" 0 0 
0 0 0 0 0 0 0 0 0 0 0 0 
0 0 0.000000 0 0 0.000000 0.000000 
0 0 0 0 0 0
00200072 7 0 0 "Beam" ""  0
"C150X75" "A36" 0.000000 0 0
0.000000 0.000000 1.000000 7158.0000 6479.5000 26.0000 7158.0000 6480.6000 26.0000 0.000000 0.000000
0.000000 0.000000
0.0000 0.0000 0.0000 0.0000 0.0000 0.0000
0 0 0 0 0 0 0 0 0 0 0 0
0 ""  0 "5/25/12" "10:47:40" "11/26/12" "17:28:30" 0 0 
0 0 0 0 0 0 0 0 0 0 0 0 
0 0 0.000000 0 0 0.000000 0.000000 
0 0 0 0 0 0
00200074 8 0 0 "Hbrace" ""  0
"T150X150" "A36" 0.000000 0 0
0.000000 0.000000 1.000000 7157.6550 6479.5000 25.7900 7156.3000 6476.9800 25.7900 0.000000 0.000000
0.000000 0.000000
0.0000 0.0000 0.0000 0.0000 0.0000 0.0000
0 0 0 0 0 0 0 0 0 0 0 0
0 ""  0 "6/14/12" "18:52:08" "11/29/12" "15:09:17" 0 0 
0 0 0 0 0 0 0 0 0 0 0 0 
0 0 0.000000 0 0 0.000000 0.000000 
0 0 0 0 0 0
00200076 8 0 0 "Hbrace" ""  0
"T150X150" "A36" 0.000000 0 0
0.000000 0.000000 1.000000 7154.8500 6479.5000 25.7900 7156.3000 6476.9800 25.7900 0.000000 0.000000
0.000000 0.000000
0.0000 0.0000 -0.0000 0.0000 0.0000 0.0000
0 0 0 0 0 0 0 0 0 0 0 0
0 ""  0 "6/14/12" "18:55:16" "11/29/12" "15:09:15" 0 0 
0 0 0 0 0 0 0 0 0 0 0 0 
0 0 0.000000 0 0 0.000000 0.000000 
0 0 0 0 0 0
00200078 8 0 0 "Hbrace" ""  0
"T150X150" "A36" 0.000000 0 0
0.000000 0.000000 1.000000 7158.6000 6469.5000 30.2900 7161.0000 6474.6000 30.2900 0.000000 0.000000
0.000000 0.000000
0.0000 0.0000 0.0000 0.0000 0.0000 0.0000
0 0 0 0 0 0 0 0 0 0 0 0
0 ""  0 "6/14/12" "20:39:12" "2/22/13" "22:00:58" 0 0 
0 0 0 0 0 0 0 0 0 0 0 0 
0 0 0.000000 0 0 0.000000 0.000000 
0 0 0 0 0 0
00200079 8 0 0 "Hbrace" ""  0
"T150X150" "A36" 0.000000 0 0
0.000000 0.000000 1.000000 7163.6550 6469.5000 30.2900 7161.2000 6474.8000 30.1500 0.000000 0.000000
0.000000 0.000000
0.0000 0.0000 0.0000 0.0000 0.0000 0.0000
0 0 0 0 0 0 0 0 0 0 0 0
0 ""  0 "6/14/12" "20:39:14" "2/22/13" "22:01:06" 0 0 
0 0 0 0 0 0 0 0 0 0 0 0 
0 0 0.000000 0 0 0.000000 0.000000 
0 0 0 0 0 0
00200080 8 0 0 "Hbrace" ""  0
"T150X150" "A36" 0.000000 0 0
0.000000 0.000000 1.000000 7158.3450 6479.5000 30.2900 7161.0000 6477.1300 30.2900 0.000000 0.000000
0.000000 0.000000
0.0000 0.0000 0.0000 0.0000 0.0000 0.0000
0 0 0 0 0 0 0 0 0 0 0 0
0 ""  0 "6/14/12" "20:39:15" "2/22/13" "22:00:55" 0 0 
0 0 0 0 0 0 0 0 0 0 0 0 
0 0 0.000000 0 0 0.000000 0.000000 
0 0 0 0 0 0
00200081 8 0 0 "Hbrace" ""  0
"T150X150" "A36" 0.000000 0 0
0.000000 0.000000 1.000000 7158.3450 6479.5000 36.1400 7160.1600 6475.4250 36.1400 0.000000 0.000000
0.000000 0.000000
0.0000 0.0000 0.0000 0.0000 0.0000 0.0000
0 0 0 0 0 0 0 0 0 0 0 0
0 ""  0 "6/14/12" "20:41:57" "2/22/13" "22:01:30" 0 0 
0 0 0 0 0 0 0 0 0 0 0 0 
0 0 0.000000 0 0 0.000000 0.000000 
0 0 0 0 0 0
00200082 8 0 0 "Hbrace" ""  0
"T150X150" "A36" 0.000000 0 0
0.000000 0.000000 1.000000 7163.6550 6479.5000 36.1400 7161.4500 6475.4250 36.1400 0.000000 0.000000
0.000000 0.000000
0.0000 0.0000 0.0000 0.0000 0.0000 0.0000
0 0 0 0 0 0 0 0 0 0 0 0
0 ""  0 "6/14/12" "20:41:58" "2/22/13" "22:01:27" 0 0 
0 0 0 0 0 0 0 0 0 0 0 0 
0 0 0.000000 0 0 0.000000 0.000000 
0 0 0 0 0 0
00200083 8 0 0 "Hbrace" ""  0
"T150X150" "A36" 0.000000 0 0
0.000000 0.000000 1.000000 7158.3450 6469.5000 36.1400 7160.8000 6473.8750 36.1400 0.000000 0.000000
0.000000 0.000000
0.0000 0.0000 0.0000 0.0000 0.0000 0.0000
0 0 0 0 0 0 0 0 0 0 0 0
0 ""  0 "6/14/12" "20:41:59" "2/22/13" "22:01:31" 0 0 
0 0 0 0 0 0 0 0 0 0 0 0 
0 0 0.000000 0 0 0.000000 0.000000 
0 0 0 0 0 0
00200084 8 0 0 "Hbrace" ""  0
"T150X150" "A36" 0.000000 0 0
0.000000 0.000000 1.000000 7163.6550 6469.5000 36.1400 7161.4000 6473.8750 36.1400 0.000000 0.000000
0.000000 0.000000
0.0000 0.0000 0.0000 0.0000 0.0000 0.0000
0 0 0 0 0 0 0 0 0 0 0 0
0 ""  0 "6/14/12" "20:42:01" "2/18/13" "13:20:23" 0 0 
0 0 0 0 0 0 0 0 0 0 0 0 
0 0 0.000000 0 0 0.000000 0.000000 
0 0 0 0 0 0
00200086 5 0 0 "Vbrace" ""  0
"H200X200" "A36" 0.000000 0 0
0.000000 0.000000 1.000000 7158.0000 6479.5000 30.8000 7158.0000 6474.6000 36.2060 0.000000 0.000000
0.000000 0.000000
0.0000 0.0000 0.0000 0.0000 0.0000 0.0000
0 0 0 0 0 0 0 0 0 0 0 0
0 ""  0 "6/14/12" "20:47:52" "8/29/12" "20:24:44" 0 0 
0 0 0 0 0 0 0 0 0 0 0 0 
0 0 0.000000 0 0 0.000000 0.000000 
0 0 0 0 0 0
00200099 8 0 0 "Beam" ""  0
"H294X200" "A36" 0.000000 0 0
0.000000 0.000000 1.000000 7158.0000 6469.5000 36.5000 7158.0000 6467.7000 36.5000 0.000000 0.000000
0.000000 0.000000
0.0000 0.0000 0.0000 0.0000 0.0000 0.0000
0 0 0 0 0 0 0 0 0 0 0 0
0 ""  0 "6/22/12" "11:31:41" "8/31/12" "14:05:26" 0 0 
0 0 0 0 0 0 0 0 0 0 0 0 
0 0 0.000000 0 0 0.000000 0.000000 
0 0 0 0 0 0
00200100 8 0 0 "Beam" ""  0
"H294X200" "A36" 0.000000 0 0
0.000000 0.000000 1.000000 7164.0000 6469.5000 36.5000 7164.0000 6467.7000 36.5000 0.000000 0.000000
0.000000 0.000000
0.0000 0.0000 0.0000 0.0000 0.0000 0.0000
0 0 0 0 0 0 0 0 0 0 0 0
0 ""  0 "6/22/12" "11:31:41" "8/31/12" "14:05:14" 0 0 
0 0 0 0 0 0 0 0 0 0 0 0 
0 0 0.000000 0 0 0.000000 0.000000 
0 0 0 0 0 0
00200101 8 0 0 "Beam" ""  0
"H294X200" "A36" 0.000000 0 0
0.000000 0.000000 1.000000 7158.0000 6467.8000 36.5000 7164.0000 6467.8000 36.5000 0.000000 0.000000
0.000000 0.000000
0.0000 0.0000 0.0000 0.0000 0.0000 0.0000
0 0 0 0 0 0 0 0 0 0 0 0
0 ""  0 "6/22/12" "11:31:41" "8/31/12" "14:04:48" 0 0 
0 0 0 0 0 0 0 0 0 0 0 0 
0 0 0.000000 0 0 0.000000 0.000000 
0 0 0 0 0 0
00200102 8 0 0 "Hbrace" ""  0
"T150X150" "A36" 0.000000 0 0
0.000000 0.000000 1.000000 7158.3450 6469.5000 36.2900 7160.0450 6467.8000 36.2900 0.000000 0.000000
0.000000 0.000000
0.0000 0.0000 0.0000 0.0000 0.0000 0.0000
0 0 0 0 0 0 0 0 0 0 0 0
0 ""  0 "6/22/12" "11:31:41" "8/29/12" "19:58:27" 0 0 
0 0 0 0 0 0 0 0 0 0 0 0 
0 0 0.000000 0 0 0.000000 0.000000 
0 0 0 0 0 0
00200104 8 0 0 "Hbrace" ""  0
"T150X150" "A36" 0.000000 0 0
0.000000 0.000000 1.000000 7163.6550 6469.5000 36.2900 7161.9550 6467.8000 36.2900 0.000000 0.000000
0.000000 0.000000
0.0000 0.0000 0.0000 0.0000 0.0000 0.0000
0 0 0 0 0 0 0 0 0 0 0 0
0 ""  0 "6/22/12" "11:37:25" "8/31/12" "14:04:58" 0 0 
0 0 0 0 0 0 0 0 0 0 0 0 
0 0 0.000000 0 0 0.000000 0.000000 
0 0 0 0 0 0
00200105 8 0 0 "Beam" ""  0
"H294X200" "A36" 0.000000 0 0
0.000000 0.000000 1.000000 7158.0000 6469.5000 30.5000 7158.0000 6467.7000 30.5000 0.000000 0.000000
0.000000 0.000000
0.0000 0.0000 0.0000 0.0000 0.0000 0.0000
0 0 0 0 0 0 0 0 0 0 0 0
0 ""  0 "6/22/12" "11:51:15" "8/28/12" "17:10:01" 0 0 
0 0 0 0 0 0 0 0 0 0 0 0 
0 0 0.000000 0 0 0.000000 0.000000 
0 0 0 0 0 0
00200106 8 0 0 "Beam" ""  0
"H294X200" "A36" 0.000000 0 0
0.000000 0.000000 1.000000 7164.0000 6469.5000 30.5000 7164.0000 6467.7000 30.5000 0.000000 0.000000
0.000000 0.000000
0.0000 0.0000 0.0000 0.0000 0.0000 0.0000
0 0 0 0 0 0 0 0 0 0 0 0
0 ""  0 "6/22/12" "11:51:15" "8/28/12" "17:10:03" 0 0 
0 0 0 0 0 0 0 0 0 0 0 0 
0 0 0.000000 0 0 0.000000 0.000000 
0 0 0 0 0 0
00200107 8 0 0 "Beam" ""  0
"H294X200" "A36" 0.000000 0 0
0.000000 0.000000 1.000000 7158.0000 6467.8000 30.5000 7164.0000 6467.8000 30.5000 0.000000 0.000000
0.000000 0.000000
0.0000 0.0000 0.0000 0.0000 0.0000 0.0000
0 0 0 0 0 0 0 0 0 0 0 0
0 ""  0 "6/22/12" "11:51:15" "8/31/12" "14:03:36" 0 0 
0 0 0 0 0 0 0 0 0 0 0 0 
0 0 0.000000 0 0 0.000000 0.000000 
0 0 0 0 0 0
00200108 8 0 0 "Hbrace" ""  0
"T150X150" "A36" 0.000000 0 0
0.000000 0.000000 1.000000 7158.3450 6469.5000 30.2900 7160.0450 6467.8000 30.2900 0.000000 0.000000
0.000000 0.000000
0.0000 0.0000 0.0000 0.0000 0.0000 0.0000
0 0 0 0 0 0 0 0 0 0 0 0
0 ""  0 "6/22/12" "11:51:15" "8/31/12" "14:07:49" 0 0 
0 0 0 0 0 0 0 0 0 0 0 0 
0 0 0.000000 0 0 0.000000 0.000000 
0 0 0 0 0 0
00200109 8 0 0 "Hbrace" ""  0
"T150X150" "A36" 0.000000 0 0
0.000000 0.000000 1.000000 7163.6550 6469.5000 30.2900 7161.9550 6467.8000 30.2900 0.000000 0.000000
0.000000 0.000000
0.0000 0.0000 0.0000 0.0000 0.0000 0.0000
0 0 0 0 0 0 0 0 0 0 0 0
0 ""  0 "6/22/12" "11:51:15" "8/29/12" "19:57:34" 0 0 
0 0 0 0 0 0 0 0 0 0 0 0 
0 0 0.000000 0 0 0.000000 0.000000 
0 0 0 0 0 0
00200110 4 0 0 "Vbrace" ""  0
"L90X7" "A36" 180.000000 0 0
0.000000 0.000000 1.000000 7158.0000 6469.5000 34.6530 7158.0000 6467.8000 36.3530 0.000000 0.000000
0.000000 0.000000
0.0000 0.0000 0.0000 0.0000 0.0000 0.0000
0 0 0 0 0 0 0 0 0 0 0 0
0 ""  0 "6/22/12" "11:52:11" "8/29/12" "19:28:40" 0 0 
0 0 0 0 0 0 0 0 0 0 0 0 
0 0 0.000000 0 0 0.000000 0.000000 
0 0 0 0 0 0
00200111 4 0 0 "Vbrace" ""  0
"L90X7" "A36" 180.000000 0 0
0.000000 0.000000 1.000000 7158.0000 6469.5000 28.6530 7158.0000 6467.8000 30.3530 0.000000 0.000000
0.000000 0.000000
0.0000 0.0000 0.0000 0.0000 0.0000 0.0000
0 0 0 0 0 0 0 0 0 0 0 0
0 ""  0 "6/22/12" "11:52:17" "8/28/12" "18:52:41" 0 0 
0 0 0 0 0 0 0 0 0 0 0 0 
0 0 0.000000 0 0 0.000000 0.000000 
0 0 0 0 0 0
00200113 4 0 0 "Vbrace" ""  0
"L90X7" "A36" 180.000000 0 0
0.000000 0.000000 1.000000 7164.0000 6469.5000 34.6530 7164.0000 6467.8000 36.3530 0.000000 0.000000
0.000000 0.000000
0.0000 0.0000 0.0000 0.0000 0.0000 0.0000
0 0 0 0 0 0 0 0 0 0 0 0
0 ""  0 "6/22/12" "11:52:33" "8/29/12" "19:28:47" 0 0 
0 0 0 0 0 0 0 0 0 0 0 0 
0 0 0.000000 0 0 0.000000 0.000000 
0 0 0 0 0 0
00200114 4 0 0 "Vbrace" ""  0
"L90X7" "A36" 180.000000 0 0
0.000000 0.000000 1.000000 7164.0000 6469.5000 28.6530 7164.0000 6467.8000 30.3530 0.000000 0.000000
0.000000 0.000000
0.0000 0.0000 0.0000 0.0000 0.0000 0.0000
0 0 0 0 0 0 0 0 0 0 0 0
0 ""  0 "6/22/12" "11:52:38" "8/28/12" "18:53:23" 0 0 
0 0 0 0 0 0 0 0 0 0 0 0 
0 0 0.000000 0 0 0.000000 0.000000 
0 0 0 0 0 0
00200115 8 0 0 "Beam" ""  0
"H340X250" "A36" 0.000000 0 0
0.000000 0.000000 1.000000 7161.0000 6476.0750 30.5000 7164.0000 6476.0750 30.5000 0.000000 0.000000
0.000000 0.000000
0.0000 0.0000 0.0000 0.0000 0.0000 0.0000
0 0 0 0 0 0 0 0 0 0 0 0
0 ""  0 "6/22/12" "15:09:29" "11/26/12" "15:41:47" 0 0 
0 0 0 0 0 0 0 0 0 0 0 0 
0 0 0.000000 0 0 0.000000 0.000000 
0 0 0 0 0 0
00200116 5 0 0 "Column" ""  0
"H200X200" "A36" 0.000000 0 0
1.000000 0.000000 0.000000 7161.6900 6477.4250 30.5000 7161.6900 6477.4250 31.4010 0.000000 0.000000
0.000000 0.000000
0.0000 0.0000 0.0000 0.0000 0.0000 0.0000
0 0 0 0 0 0 0 0 0 0 0 0
0 ""  0 "6/22/12" "15:10:09" "9/21/12" "14:24:46" 0 0 
0 0 0 0 0 0 0 0 0 0 0 0 
0 0 0.000000 0 0 0.000000 0.000000 
0 0 0 0 0 0
00200117 5 0 0 "Column" ""  0
"H200X200" "A36" 0.000000 0 0
1.000000 0.000000 0.000000 7162.3100 6477.4250 30.5000 7162.3100 6477.4250 31.4010 0.000000 0.000000
0.000000 0.000000
0.0000 0.0000 0.0000 0.0000 0.0000 0.0000
0 0 0 0 0 0 0 0 0 0 0 0
0 ""  0 "6/22/12" "15:10:11" "9/21/12" "14:24:49" 0 0 
0 0 0 0 0 0 0 0 0 0 0 0 
0 0 0.000000 0 0 0.000000 0.000000 
0 0 0 0 0 0
00200120 8 0 0 "Beam" ""  0
"H340X250" "A36" 0.000000 0 0
0.000000 0.000000 1.000000 7161.6900 6476.0750 30.5000 7161.6900 6477.4250 30.5000 0.000000 0.000000
0.000000 0.000000
0.0000 0.0000 0.0000 0.0000 0.0000 0.0000
0 0 0 0 0 0 0 0 0 0 0 0
0 ""  0 "6/22/12" "15:10:20" "9/21/12" "14:23:21" 0 0 
0 0 0 0 0 0 0 0 0 0 0 0 
0 0 0.000000 0 0 0.000000 0.000000 
0 0 0 0 0 0
00200121 8 0 0 "Beam" ""  0
"H340X250" "A36" 0.000000 0 0
0.000000 0.000000 1.000000 7162.3100 6476.0750 30.5000 7162.3100 6477.4250 30.5000 0.000000 0.000000
0.000000 0.000000
0.0000 0.0000 0.0000 0.0000 0.0000 0.0000
0 0 0 0 0 0 0 0 0 0 0 0
0 ""  0 "6/22/12" "15:10:23" "11/26/12" "16:18:07" 0 0 
0 0 0 0 0 0 0 0 0 0 0 0 
0 0 0.000000 0 0 0.000000 0.000000 
0 0 0 0 0 0
00200123 8 0 0 "Beam" ""  0
"H200X200" "A36" 0.000000 0 0
0.000000 0.000000 1.000000 7161.5550 6477.4250 31.6000 7162.4450 6477.4250 31.6000 0.000000 0.000000
0.000000 0.000000
0.0000 0.0000 0.0000 0.0000 0.0000 0.0000
0 0 0 0 0 0 0 0 0 0 0 0
0 ""  0 "6/22/12" "15:14:55" "9/21/12" "14:30:08" 0 0 
0 0 0 0 0 0 0 0 0 0 0 0 
0 0 0.000000 0 0 0.000000 0.000000 
0 0 0 0 0 0
00200125 5 0 0 "Column" ""  0
"H200X200" "A36" 0.000000 0 0
1.000000 0.000000 0.000000 7161.6900 6476.0750 30.5000 7161.6900 6476.0750 31.4010 0.000000 0.000000
0.000000 0.000000
0.0000 0.0000 0.0000 0.0000 0.0000 0.0000
0 0 0 0 0 0 0 0 0 0 0 0
0 ""  0 "6/22/12" "15:16:49" "9/21/12" "14:24:35" 0 0 
0 0 0 0 0 0 0 0 0 0 0 0 
0 0 0.000000 0 0 0.000000 0.000000 
0 0 0 0 0 0
00200126 5 0 0 "Column" ""  0
"H200X200" "A36" 0.000000 0 0
1.000000 0.000000 0.000000 7162.3100 6476.0750 30.5000 7162.3100 6476.0750 31.4010 0.000000 0.000000
0.000000 0.000000
0.0000 0.0000 0.0000 0.0000 0.0000 0.0000
0 0 0 0 0 0 0 0 0 0 0 0
0 ""  0 "6/22/12" "15:16:56" "9/21/12" "14:24:38" 0 0 
0 0 0 0 0 0 0 0 0 0 0 0 
0 0 0.000000 0 0 0.000000 0.000000 
0 0 0 0 0 0
00200127 8 0 0 "Beam" ""  0
"H200X200" "A36" 0.000000 0 0
0.000000 0.000000 1.000000 7161.5550 6476.0750 31.6000 7162.4450 6476.0750 31.6000 0.000000 0.000000
0.000000 0.000000
0.0000 0.0000 0.0000 0.0000 0.0000 0.0000
0 0 0 0 0 0 0 0 0 0 0 0
0 ""  0 "6/22/12" "15:17:02" "9/21/12" "14:30:24" 0 0 
0 0 0 0 0 0 0 0 0 0 0 0 
0 0 0.000000 0 0 0.000000 0.000000 
0 0 0 0 0 0
00200128 4 0 0 "Vbrace" ""  0
"L90X7" "A36" 180.000000 0 0
0.000000 0.000000 1.000000 7161.6900 6476.0750 31.4010 7161.6900 6476.7500 30.3300 0.000000 0.000000
0.000000 0.000000
0.0000 0.0000 0.0000 0.0000 0.0000 0.0000
0 0 0 0 0 0 0 0 0 0 0 0
0 ""  0 "6/22/12" "15:17:22" "10/08/12" "21:15:33" 0 0 
0 0 0 0 0 0 0 0 0 0 0 0 
0 0 0.000000 0 0 0.000000 0.000000 
0 0 0 0 0 0
00200129 4 0 0 "Vbrace" ""  0
"L90X7" "A36" 180.000000 0 1
0.000000 0.000000 1.000000 7161.6900 6477.4250 31.4010 7161.6900 6476.7500 30.3300 0.000000 0.000000
0.000000 0.000000
0.0000 0.0000 0.0000 0.0000 0.0000 0.0000
0 0 0 0 0 0 0 0 0 0 0 0
0 ""  0 "6/22/12" "15:17:24" "10/08/12" "21:15:31" 0 0 
0 0 0 0 0 0 0 0 0 0 0 0 
0 0 0.000000 0 0 0.000000 0.000000 
0 0 0 0 0 0
00200130 4 0 0 "Vbrace" ""  0
"L90X7" "A36" 180.000000 0 1
0.000000 0.000000 1.000000 7162.3100 6476.0750 31.4010 7162.3100 6476.7500 30.3300 0.000000 0.000000
0.000000 0.000000
0.0000 0.0000 0.0000 0.0000 0.0000 0.0000
0 0 0 0 0 0 0 0 0 0 0 0
0 ""  0 "6/22/12" "15:18:04" "10/08/12" "21:15:54" 0 0 
0 0 0 0 0 0 0 0 0 0 0 0 
0 0 0.000000 0 0 0.000000 0.000000 
0 0 0 0 0 0
00200131 4 0 0 "Vbrace" ""  0
"L90X7" "A36" 180.000000 0 1
0.000000 0.000000 1.000000 7162.3100 6476.7500 30.3300 7162.3100 6477.4250 31.4010 0.000000 0.000000
0.000000 0.000000
0.0000 0.0000 0.0000 0.0000 0.0000 0.0000
0 0 0 0 0 0 0 0 0 0 0 0
0 ""  0 "6/22/12" "15:18:07" "10/08/12" "21:15:51" 0 0 
0 0 0 0 0 0 0 0 0 0 0 0 
0 0 0.000000 0 0 0.000000 0.000000 
0 0 0 0 0 0
00200132 5 0 0 "Column" ""  0
"H200X200" "A36" 0.000000 0 0
1.000000 0.000000 0.000000 7159.6400 6475.4250 36.5000 7159.6400 6475.4250 37.3300 0.000000 0.000000
0.000000 0.000000
0.0000 0.0000 0.0000 0.0000 0.0000 0.0000
0 0 0 0 0 0 0 0 0 0 0 0
0 ""  0 "6/22/12" "15:20:17" "9/21/12" "14:34:13" 0 0 
0 0 0 0 0 0 0 0 0 0 0 0 
0 0 0.000000 0 0 0.000000 0.000000 
0 0 0 0 0 0
00200134 5 0 0 "Column" ""  0
"H200X200" "A36" 0.000000 0 0
1.000000 0.000000 0.000000 7159.6400 6473.8750 36.5000 7159.6400 6473.8750 37.3300 0.000000 0.000000
0.000000 0.000000
0.0000 0.0000 0.0000 0.0000 0.0000 0.0000
0 0 0 0 0 0 0 0 0 0 0 0
0 ""  0 "6/22/12" "15:20:19" "9/21/12" "14:34:11" 0 0 
0 0 0 0 0 0 0 0 0 0 0 0 
0 0 0.000000 0 0 0.000000 0.000000 
0 0 0 0 0 0
00200135 5 0 0 "Column" ""  0
"H200X200" "A36" 0.000000 0 0
1.000000 0.000000 0.000000 7160.3600 6473.8750 36.5000 7160.3600 6473.8750 37.3300 0.000000 0.000000
0.000000 0.000000
0.0000 0.0000 0.0000 0.0000 0.0000 0.0000
0 0 0 0 0 0 0 0 0 0 0 0
0 ""  0 "6/22/12" "15:20:20" "9/21/12" "14:33:55" 0 0 
0 0 0 0 0 0 0 0 0 0 0 0 
0 0 0.000000 0 0 0.000000 0.000000 
0 0 0 0 0 0
00200136 8 0 0 "Beam" ""  0
"H340X250" "A36" 0.000000 0 0
0.000000 0.000000 1.000000 7159.6400 6473.8750 36.5000 7159.6400 6475.4250 36.5000 0.000000 0.000000
0.000000 0.000000
0.0000 0.0000 0.0000 0.0000 0.0000 0.0000
0 0 0 0 0 0 0 0 0 0 0 0
0 ""  0 "6/22/12" "15:20:24" "9/21/12" "14:28:10" 0 0 
0 0 0 0 0 0 0 0 0 0 0 0 
0 0 0.000000 0 0 0.000000 0.000000 
0 0 0 0 0 0
00200137 8 0 0 "Beam" ""  0
"H340X250" "A36" 0.000000 0 0
0.000000 0.000000 1.000000 7160.3600 6473.8750 36.5000 7160.3600 6475.4250 36.5000 0.000000 0.000000
0.000000 0.000000
0.0000 0.0000 0.0000 0.0000 0.0000 0.0000
0 0 0 0 0 0 0 0 0 0 0 0
0 ""  0 "6/22/12" "15:20:26" "9/21/12" "14:28:12" 0 0 
0 0 0 0 0 0 0 0 0 0 0 0 
0 0 0.000000 0 0 0.000000 0.000000 
0 0 0 0 0 0
00200138 8 0 0 "Beam" ""  0
"H200X200" "A36" 0.000000 0 0
0.000000 0.000000 1.000000 7159.5050 6475.4250 37.5300 7160.4950 6475.4250 37.5300 0.000000 0.000000
0.000000 0.000000
0.0000 0.0000 0.0000 0.0000 0.0000 0.0000
0 0 0 0 0 0 0 0 0 0 0 0
0 ""  0 "6/22/12" "15:21:05" "9/21/12" "14:31:14" 0 0 
0 0 0 0 0 0 0 0 0 0 0 0 
0 0 0.000000 0 0 0.000000 0.000000 
0 0 0 0 0 0
00200139 8 0 0 "Beam" ""  0
"H200X200" "A36" 0.000000 0 0
0.000000 0.000000 1.000000 7159.5050 6473.8750 37.5300 7160.4950 6473.8750 37.5300 0.000000 0.000000
0.000000 0.000000
0.0000 0.0000 0.0000 0.0000 0.0000 0.0000
0 0 0 0 0 0 0 0 0 0 0 0
0 ""  0 "6/22/12" "15:21:38" "9/21/12" "14:31:11" 0 0 
0 0 0 0 0 0 0 0 0 0 0 0 
0 0 0.000000 0 0 0.000000 0.000000 
0 0 0 0 0 0
00200140 4 0 0 "Vbrace" ""  0
"L90X7" "A36" 180.000000 0 0
0.000000 0.000000 1.000000 7159.6400 6473.8750 37.3300 7159.6400 6474.6500 36.3300 0.000000 0.000000
0.000000 0.000000
0.0000 0.0000 0.0000 0.0000 0.0000 0.0000
0 0 0 0 0 0 0 0 0 0 0 0
0 ""  0 "6/22/12" "15:22:20" "10/08/12" "21:18:39" 0 0 
0 0 0 0 0 0 0 0 0 0 0 0 
0 0 0.000000 0 0 0.000000 0.000000 
0 0 0 0 0 0
00200141 4 0 0 "Vbrace" ""  0
"L90X7" "A36" 180.000000 0 0
0.000000 0.000000 1.000000 7159.6400 6474.6500 36.3300 7159.6400 6475.4250 37.3300 0.000000 0.000000
0.000000 0.000000
0.0000 0.0000 0.0000 0.0000 0.0000 0.0000
0 0 0 0 0 0 0 0 0 0 0 0
0 ""  0 "6/22/12" "15:22:22" "10/08/12" "21:18:37" 0 0 
0 0 0 0 0 0 0 0 0 0 0 0 
0 0 0.000000 0 0 0.000000 0.000000 
0 0 0 0 0 0
00200142 4 0 0 "Vbrace" ""  0
"L90X7" "A36" 180.000000 0 1
0.000000 0.000000 1.000000 7160.3600 6473.8750 37.3300 7160.3600 6474.6500 36.3300 0.000000 0.000000
0.000000 0.000000
0.0000 0.0000 0.0000 0.0000 0.0000 0.0000
0 0 0 0 0 0 0 0 0 0 0 0
0 ""  0 "6/22/12" "15:22:51" "10/08/12" "21:19:03" 0 0 
0 0 0 0 0 0 0 0 0 0 0 0 
0 0 0.000000 0 0 0.000000 0.000000 
0 0 0 0 0 0
00200143 4 0 0 "Vbrace" ""  0
"L90X7" "A36" 180.000000 0 1
0.000000 0.000000 1.000000 7160.3600 6474.6500 36.3300 7160.3600 6475.4250 37.3300 0.000000 0.000000
0.000000 0.000000
0.0000 0.0000 0.0000 0.0000 0.0000 0.0000
0 0 0 0 0 0 0 0 0 0 0 0
0 ""  0 "6/22/12" "15:22:53" "10/08/12" "21:18:57" 0 0 
0 0 0 0 0 0 0 0 0 0 0 0 
0 0 0.000000 0 0 0.000000 0.000000 
0 0 0 0 0 0
00200145 8 0 0 "Hbrace" ""  0
"T150X150" "A36" 0.000000 0 0
0.000000 0.000000 1.000000 7156.3000 6476.9800 25.7900 7154.6000 6474.6600 25.7900 0.000000 0.000000
0.000000 0.000000
0.0000 0.0000 0.0000 0.0000 0.0000 0.0000
0 0 0 0 0 0 0 0 0 0 0 0
0 ""  0 "8/06/12" "11:14:21" "2/22/13" "22:00:30" 0 0 
0 0 0 0 0 0 0 0 0 0 0 0 
0 0 0.000000 0 0 0.000000 0.000000 
0 0 0 0 0 0
00200146 8 0 0 "Hbrace" ""  0
"T150X150" "A36" 0.000000 0 0
0.000000 0.000000 1.000000 7156.3000 6471.4600 25.7900 7154.8500 6469.5000 25.7900 0.000000 0.000000
0.000000 0.000000
0.0000 0.0000 0.0000 0.0000 0.0000 0.0000
0 0 0 0 0 0 0 0 0 0 0 0
0 ""  0 "8/06/12" "11:15:12" "8/31/12" "14:02:24" 0 0 
0 0 0 0 0 0 0 0 0 0 0 0 
0 0 0.000000 0 0 0.000000 0.000000 
0 0 0 0 0 0
00200147 8 0 0 "Hbrace" ""  0
"T150X150" "A36" 0.000000 0 0
0.000000 0.000000 1.000000 7156.3000 6471.4600 25.7900 7157.6550 6469.5000 25.7900 0.000000 0.000000
0.000000 0.000000
0.0000 0.0000 -0.0000 0.0000 0.0000 0.0000
0 0 0 0 0 0 0 0 0 0 0 0
0 ""  0 "8/06/12" "11:15:43" "8/31/12" "14:02:23" 0 0 
0 0 0 0 0 0 0 0 0 0 0 0 
0 0 0.000000 0 0 0.000000 0.000000 
0 0 0 0 0 0
00200148 8 0 0 "Hbrace" ""  0
"T150X150" "A36" 0.000000 0 0
0.000000 0.000000 1.000000 7158.0000 6474.2600 25.7900 7156.3000 6471.4600 25.7900 0.000000 0.000000
0.000000 0.000000
0.0000 0.0000 0.0000 0.0000 0.0000 0.0000
0 0 0 0 0 0 0 0 0 0 0 0
0 ""  0 "8/06/12" "11:16:30" "2/22/13" "22:00:38" 0 0 
0 0 0 0 0 0 0 0 0 0 0 0 
0 0 0.000000 0 0 0.000000 0.000000 
0 0 0 0 0 0
00200149 8 0 0 "Hbrace" ""  0
"T150X150" "A36" 0.000000 0 0
0.000000 0.000000 1.000000 7154.6000 6474.2600 25.7900 7156.3000 6471.4600 25.7900 0.000000 0.000000
0.000000 0.000000
0.0000 0.0000 -0.0000 0.0000 0.0000 0.0000
0 0 0 0 0 0 0 0 0 0 0 0
0 ""  0 "8/06/12" "11:16:46" "2/22/13" "22:00:35" 0 0 
0 0 0 0 0 0 0 0 0 0 0 0 
0 0 0.000000 0 0 0.000000 0.000000 
0 0 0 0 0 0
00200150 7 0 0 "Beam" ""  0
"C150X75" "A36" 0.000000 0 0
0.000000 0.000000 1.000000 7154.6000 6478.8200 26.0000 7158.0000 6478.8200 26.0000 0.000000 0.000000
0.000000 0.000000
0.0000 0.0000 0.0000 0.0000 0.0000 0.0000
0 0 0 0 0 0 0 0 0 0 0 0
0 ""  0 "8/06/12" "11:27:44" "8/06/12" "14:37:15" 0 0 
0 0 0 0 0 0 0 0 0 0 0 0 
0 0 0.000000 0 0 0.000000 0.000000 
0 0 0 0 0 0
00200151 7 0 0 "Beam" ""  0
"C150X75" "A36" 0.000000 0 0
0.000000 0.000000 1.000000 7154.6000 6477.9000 26.0000 7158.0000 6477.9000 26.0000 0.000000 0.000000
0.000000 0.000000
0.0000 0.0000 0.0000 0.0000 0.0000 0.0000
0 0 0 0 0 0 0 0 0 0 0 0
0 ""  0 "8/06/12" "11:28:01" "8/06/12" "11:29:52" 0 0 
0 0 0 0 0 0 0 0 0 0 0 0 
0 0 0.000000 0 0 0.000000 0.000000 
0 0 0 0 0 0
00200152 8 0 0 "Beam" ""  0
"H390X300" "A36" 0.000000 0 0
0.000000 0.000000 1.000000 7154.6000 6476.9800 26.0000 7158.0000 6476.9800 26.0000 0.000000 0.000000
0.000000 0.000000
0.0000 0.0000 0.0000 0.0000 0.0000 0.0000
0 0 0 0 0 0 0 0 0 0 0 0
0 ""  0 "8/06/12" "11:28:04" "11/29/12" "15:08:36" 0 0 
0 0 0 0 0 0 0 0 0 0 0 0 
0 0 0.000000 0 0 0.000000 0.000000 
0 0 0 0 0 0
00200153 7 0 0 "Beam" ""  0
"C150X75" "A36" 0.000000 0 0
0.000000 0.000000 1.000000 7154.6000 6476.0600 26.0000 7158.0000 6476.0600 26.0000 0.000000 0.000000
0.000000 0.000000
0.0000 0.0000 0.0000 0.0000 0.0000 0.0000
0 0 0 0 0 0 0 0 0 0 0 0
0 ""  0 "8/06/12" "11:28:06" "8/06/12" "11:29:52" 0 0 
0 0 0 0 0 0 0 0 0 0 0 0 
0 0 0.000000 0 0 0.000000 0.000000 
0 0 0 0 0 0
00200154 7 0 0 "Beam" ""  0
"C150X75" "A36" 0.000000 0 0
0.000000 0.000000 1.000000 7154.6000 6475.1400 26.0000 7158.0000 6475.1400 26.0000 0.000000 0.000000
0.000000 0.000000
0.0000 0.0000 0.0000 0.0000 0.0000 0.0000
0 0 0 0 0 0 0 0 0 0 0 0
0 ""  0 "8/06/12" "11:28:08" "8/06/12" "11:29:52" 0 0 
0 0 0 0 0 0 0 0 0 0 0 0 
0 0 0.000000 0 0 0.000000 0.000000 
0 0 0 0 0 0
00200155 7 0 0 "Beam" ""  0
"C150X75" "A36" 0.000000 0 0
0.000000 0.000000 1.000000 7154.6000 6473.4300 26.0000 7158.0000 6473.4300 26.0000 0.000000 0.000000
0.000000 0.000000
0.0000 0.0000 0.0000 0.0000 0.0000 0.0000
0 0 0 0 0 0 0 0 0 0 0 0
0 ""  0 "8/06/12" "11:28:41" "11/12/12" "11:19:29" 0 0 
0 0 0 0 0 0 0 0 0 0 0 0 
0 0 0.000000 0 0 0.000000 0.000000 
0 0 0 0 0 0
00200156 7 0 0 "Beam" ""  0
"C150X75" "A36" 0.000000 0 0
0.000000 0.000000 1.000000 7154.6000 6472.6700 26.0000 7158.0000 6472.6700 26.0000 0.000000 0.000000
0.000000 0.000000
0.0000 0.0000 0.0000 0.0000 0.0000 0.0000
0 0 0 0 0 0 0 0 0 0 0 0
0 ""  0 "8/06/12" "11:28:44" "11/12/12" "11:20:11" 0 0 
0 0 0 0 0 0 0 0 0 0 0 0 
0 0 0.000000 0 0 0.000000 0.000000 
0 0 0 0 0 0
00200157 7 0 0 "Beam" ""  0
"C150X75" "A36" 0.000000 0 0
0.000000 0.000000 1.000000 7154.6000 6472.0650 26.0000 7158.0000 6472.0650 26.0000 0.000000 0.000000
0.000000 0.000000
0.0000 0.0000 0.0000 0.0000 0.0000 0.0000
0 0 0 0 0 0 0 0 0 0 0 0
0 ""  0 "8/06/12" "11:28:46" "11/12/12" "11:20:07" 0 0 
0 0 0 0 0 0 0 0 0 0 0 0 
0 0 0.000000 0 0 0.000000 0.000000 
0 0 0 0 0 0
00200158 7 0 0 "Beam" ""  0
"C150X75" "A36" 0.000000 0 1
0.000000 0.000000 1.000000 7154.6000 6470.9400 26.0000 7158.0000 6470.9400 26.0000 0.000000 0.000000
0.000000 0.000000
0.0000 0.0000 0.0000 0.0000 0.0000 0.0000
0 0 0 0 0 0 0 0 0 0 0 0
0 ""  0 "8/06/12" "11:29:21" "1/04/13" "15:12:49" 0 0 
0 0 0 0 0 0 0 0 0 0 0 0 
0 0 0.000000 0 0 0.000000 0.000000 
0 0 0 0 0 0
00200159 7 0 0 "Beam" ""  0
"C150X75" "A36" 0.000000 0 0
0.000000 0.000000 1.000000 7154.6000 6470.0200 26.0000 7158.0000 6470.0200 26.0000 0.000000 0.000000
0.000000 0.000000
0.0000 0.0000 0.0000 0.0000 0.0000 0.0000
0 0 0 0 0 0 0 0 0 0 0 0
0 ""  0 "8/06/12" "11:29:25" "8/06/12" "11:29:52" 0 0 
0 0 0 0 0 0 0 0 0 0 0 0 
0 0 0.000000 0 0 0.000000 0.000000 
0 0 0 0 0 0
00200160 7 0 0 "Beam" ""  0
"C150X75" "A36" 0.000000 0 0
0.000000 0.000000 1.000000 7158.0000 6477.4250 30.5000 7161.0000 6477.4250 30.5000 0.000000 0.000000
0.000000 0.000000
0.0000 0.0000 0.0000 0.0000 0.0000 0.0000
0 0 0 0 0 0 0 0 0 0 0 0
0 ""  0 "8/06/12" "11:30:55" "9/21/12" "14:23:38" 0 0 
0 0 0 0 0 0 0 0 0 0 0 0 
0 0 0.000000 0 0 0.000000 0.000000 
0 0 0 0 0 0
00200161 7 0 0 "Beam" ""  0
"C150X75" "A36" 0.000000 0 0
0.000000 0.000000 1.000000 7158.0000 6475.8950 30.5000 7161.0000 6475.8950 30.5000 0.000000 0.000000
0.000000 0.000000
0.0000 0.0000 0.0000 0.0000 0.0000 0.0000
0 0 0 0 0 0 0 0 0 0 0 0
0 ""  0 "8/06/12" "11:30:59" "1/04/13" "15:30:42" 0 0 
0 0 0 0 0 0 0 0 0 0 0 0 
0 0 0.000000 0 0 0.000000 0.000000 
0 0 0 0 0 0
00200162 7 0 0 "Beam" ""  0
"C150X75" "A36" 0.000000 0 0
0.000000 0.000000 1.000000 7158.0000 6478.0000 30.5000 7161.0000 6478.0000 30.5000 0.000000 0.000000
0.000000 0.000000
0.0000 0.0000 0.0000 0.0000 0.0000 0.0000
0 0 0 0 0 0 0 0 0 0 0 0
0 ""  0 "8/06/12" "11:32:47" "11/26/12" "16:20:37" 0 0 
0 0 0 0 0 0 0 0 0 0 0 0 
0 0 0.000000 0 0 0.000000 0.000000 
0 0 0 0 0 0
00200164 7 0 0 "Beam" ""  0
"C150X75" "A36" 0.000000 0 0
0.000000 0.000000 1.000000 7158.0000 6478.9200 30.5000 7161.0000 6478.9200 30.5000 0.000000 0.000000
0.000000 0.000000
0.0000 0.0000 0.0000 0.0000 0.0000 0.0000
0 0 0 0 0 0 0 0 0 0 0 0
0 ""  0 "8/06/12" "11:32:57" "1/04/13" "15:28:22" 0 0 
0 0 0 0 0 0 0 0 0 0 0 0 
0 0 0.000000 0 0 0.000000 0.000000 
0 0 0 0 0 0
00200166 7 0 0 "Beam" ""  0
"C150X75" "A36" 0.000000 0 0
0.000000 0.000000 1.000000 7158.0000 6476.7500 30.5000 7159.4950 6476.7500 30.5000 0.000000 0.000000
0.000000 0.000000
0.0000 0.0000 0.0000 0.0000 0.0000 0.0000
0 0 0 0 0 0 0 0 0 0 0 0
0 ""  0 "8/06/12" "11:33:12" "1/04/13" "11:47:32" 0 0 
0 0 0 0 0 0 0 0 0 0 0 0 
0 0 0.000000 0 0 0.000000 0.000000 
0 0 0 0 0 0
00200169 7 0 0 "Beam" ""  0
"C150X75" "A36" 0.000000 0 0
0.000000 0.000000 1.000000 7162.3100 6476.7500 30.5000 7164.0000 6476.7500 30.5000 0.000000 0.000000
0.000000 0.000000
0.0000 0.0000 0.0000 0.0000 0.0000 0.0000
0 0 0 0 0 0 0 0 0 0 0 0
0 ""  0 "8/06/12" "11:33:32" "11/26/12" "16:19:04" 0 0 
0 0 0 0 0 0 0 0 0 0 0 0 
0 0 0.000000 0 0 0.000000 0.000000 
0 0 0 0 0 0
00200170 7 0 0 "Beam" ""  0
"C150X75" "A36" 0.000000 0 0
0.000000 0.000000 1.000000 7158.0000 6475.2900 30.5000 7161.0000 6475.2900 30.5000 0.000000 0.000000
0.000000 0.000000
0.0000 0.0000 0.0000 0.0000 0.0000 0.0000
0 0 0 0 0 0 0 0 0 0 0 0
0 ""  0 "8/06/12" "11:36:38" "1/04/13" "11:47:44" 0 0 
0 0 0 0 0 0 0 0 0 0 0 0 
0 0 0.000000 0 0 0.000000 0.000000 
0 0 0 0 0 0
00200172 7 0 0 "Beam" ""  0
"C150X75" "A36" 0.000000 0 0
0.000000 0.000000 1.000000 7158.0000 6473.9900 30.5000 7159.4950 6473.9900 30.5000 0.000000 0.000000
0.000000 0.000000
0.0000 0.0000 0.0000 0.0000 0.0000 0.0000
0 0 0 0 0 0 0 0 0 0 0 0
0 ""  0 "8/06/12" "11:40:18" "1/04/13" "11:44:24" 0 0 
0 0 0 0 0 0 0 0 0 0 0 0 
0 0 0.000000 0 0 0.000000 0.000000 
0 0 0 0 0 0
00200173 7 0 0 "Beam" ""  0
"C150X75" "A36" 0.000000 0 0
0.000000 0.000000 1.000000 7161.0000 6473.9900 30.5000 7164.0000 6473.9900 30.5000 0.000000 0.000000
0.000000 0.000000
0.0000 0.0000 0.0000 0.0000 0.0000 0.0000
0 0 0 0 0 0 0 0 0 0 0 0
0 ""  0 "8/06/12" "11:40:18" "1/04/13" "11:42:29" 0 0 
0 0 0 0 0 0 0 0 0 0 0 0 
0 0 0.000000 0 0 0.000000 0.000000 
0 0 0 0 0 0
00200174 7 0 0 "Beam" ""  0
"C150X75" "A36" 0.000000 0 0
0.000000 0.000000 1.000000 7158.0000 6473.0700 30.5000 7161.0000 6473.0700 30.5000 0.000000 0.000000
0.000000 0.000000
0.0000 0.0000 0.0000 0.0000 0.0000 0.0000
0 0 0 0 0 0 0 0 0 0 0 0
0 ""  0 "8/06/12" "11:40:26" "1/04/13" "11:42:29" 0 0 
0 0 0 0 0 0 0 0 0 0 0 0 
0 0 0.000000 0 0 0.000000 0.000000 
0 0 0 0 0 0
00200175 7 0 0 "Beam" ""  0
"C150X75" "A36" 0.000000 0 0
0.000000 0.000000 1.000000 7161.0000 6473.0700 30.5000 7164.0000 6473.0700 30.5000 0.000000 0.000000
0.000000 0.000000
0.0000 0.0000 0.0000 0.0000 0.0000 0.0000
0 0 0 0 0 0 0 0 0 0 0 0
0 ""  0 "8/06/12" "11:40:26" "1/04/13" "11:42:29" 0 0 
0 0 0 0 0 0 0 0 0 0 0 0 
0 0 0.000000 0 0 0.000000 0.000000 
0 0 0 0 0 0
00200176 7 0 0 "Beam" ""  0
"C150X75" "A36" 0.000000 0 0
0.000000 0.000000 1.000000 7158.0000 6472.1500 30.5000 7161.0000 6472.1500 30.5000 0.000000 0.000000
0.000000 0.000000
0.0000 0.0000 0.0000 0.0000 0.0000 0.0000
0 0 0 0 0 0 0 0 0 0 0 0
0 ""  0 "8/06/12" "11:40:31" "1/04/13" "11:42:29" 0 0 
0 0 0 0 0 0 0 0 0 0 0 0 
0 0 0.000000 0 0 0.000000 0.000000 
0 0 0 0 0 0
00200177 7 0 0 "Beam" ""  0
"C150X75" "A36" 0.000000 0 0
0.000000 0.000000 1.000000 7161.0000 6472.1500 30.5000 7164.0000 6472.1500 30.5000 0.000000 0.000000
0.000000 0.000000
0.0000 0.0000 0.0000 0.0000 0.0000 0.0000
0 0 0 0 0 0 0 0 0 0 0 0
0 ""  0 "8/06/12" "11:40:31" "1/04/13" "11:42:29" 0 0 
0 0 0 0 0 0 0 0 0 0 0 0 
0 0 0.000000 0 0 0.000000 0.000000 
0 0 0 0 0 0
00200178 7 0 0 "Beam" ""  0
"C150X75" "A36" 0.000000 0 0
0.000000 0.000000 1.000000 7158.0000 6471.2300 30.5000 7161.0000 6471.2300 30.5000 0.000000 0.000000
0.000000 0.000000
0.0000 0.0000 0.0000 0.0000 0.0000 0.0000
0 0 0 0 0 0 0 0 0 0 0 0
0 ""  0 "8/06/12" "11:40:33" "1/04/13" "11:42:29" 0 0 
0 0 0 0 0 0 0 0 0 0 0 0 
0 0 0.000000 0 0 0.000000 0.000000 
0 0 0 0 0 0
00200179 7 0 0 "Beam" ""  0
"C150X75" "A36" 0.000000 0 0
0.000000 0.000000 1.000000 7161.0000 6471.2300 30.5000 7164.0000 6471.2300 30.5000 0.000000 0.000000
0.000000 0.000000
0.0000 0.0000 0.0000 0.0000 0.0000 0.0000
0 0 0 0 0 0 0 0 0 0 0 0
0 ""  0 "8/06/12" "11:40:33" "1/04/13" "11:42:29" 0 0 
0 0 0 0 0 0 0 0 0 0 0 0 
0 0 0.000000 0 0 0.000000 0.000000 
0 0 0 0 0 0
00200180 7 0 0 "Beam" ""  0
"C150X75" "A36" 0.000000 0 1
0.000000 0.000000 1.000000 7158.0000 6470.3100 30.5000 7161.0000 6470.3100 30.5000 0.000000 0.000000
0.000000 0.000000
0.0000 0.0000 0.0000 0.0000 0.0000 0.0000
0 0 0 0 0 0 0 0 0 0 0 0
0 ""  0 "8/06/12" "11:40:37" "1/04/13" "15:28:37" 0 0 
0 0 0 0 0 0 0 0 0 0 0 0 
0 0 0.000000 0 0 0.000000 0.000000 
0 0 0 0 0 0
00200181 7 0 0 "Beam" ""  0
"C150X75" "A36" 0.000000 0 0
0.000000 0.000000 1.000000 7161.0000 6470.3100 30.5000 7164.0000 6470.3100 30.5000 0.000000 0.000000
0.000000 0.000000
0.0000 0.0000 0.0000 0.0000 0.0000 0.0000
0 0 0 0 0 0 0 0 0 0 0 0
0 ""  0 "8/06/12" "11:40:37" "1/04/13" "11:42:29" 0 0 
0 0 0 0 0 0 0 0 0 0 0 0 
0 0 0.000000 0 0 0.000000 0.000000 
0 0 0 0 0 0
00200182 7 0 0 "Beam" ""  0
"C150X75" "A36" 0.000000 0 0
0.000000 0.000000 1.000000 7158.0000 6478.8800 36.5000 7161.2500 6478.8800 36.5000 0.000000 0.000000
0.000000 0.000000
0.0000 0.0000 0.0000 0.0000 0.0000 0.0000
0 0 0 0 0 0 0 0 0 0 0 0
0 ""  0 "8/06/12" "13:20:31" "8/06/12" "13:26:15" 0 0 
0 0 0 0 0 0 0 0 0 0 0 0 
0 0 0.000000 0 0 0.000000 0.000000 
0 0 0 0 0 0
00200183 7 0 0 "Beam" ""  0
"C150X75" "A36" 0.000000 0 0
0.000000 0.000000 1.000000 7161.2500 6478.8800 36.5000 7164.0000 6478.8800 36.5000 0.000000 0.000000
0.000000 0.000000
0.0000 0.0000 0.0000 0.0000 0.0000 0.0000
0 0 0 0 0 0 0 0 0 0 0 0
0 ""  0 "8/06/12" "13:25:31" "8/06/12" "13:26:15" 0 0 
0 0 0 0 0 0 0 0 0 0 0 0 
0 0 0.000000 0 0 0.000000 0.000000 
0 0 0 0 0 0
00200184 7 0 0 "Beam" ""  0
"C150X75" "A36" 0.000000 0 0
0.000000 0.000000 1.000000 7158.0000 6477.9600 36.5000 7161.2500 6477.9600 36.5000 0.000000 0.000000
0.000000 0.000000
0.0000 0.0000 0.0000 0.0000 0.0000 0.0000
0 0 0 0 0 0 0 0 0 0 0 0
0 ""  0 "8/06/12" "13:25:49" "8/07/12" "11:45:36" 0 0 
0 0 0 0 0 0 0 0 0 0 0 0 
0 0 0.000000 0 0 0.000000 0.000000 
0 0 0 0 0 0
00200185 7 0 0 "Beam" ""  0
"C150X75" "A36" 0.000000 0 0
0.000000 0.000000 1.000000 7161.2500 6477.9600 36.5000 7164.0000 6477.9600 36.5000 0.000000 0.000000
0.000000 0.000000
0.0000 0.0000 0.0000 0.0000 0.0000 0.0000
0 0 0 0 0 0 0 0 0 0 0 0
0 ""  0 "8/06/12" "13:25:49" "8/06/12" "13:26:15" 0 0 
0 0 0 0 0 0 0 0 0 0 0 0 
0 0 0.000000 0 0 0.000000 0.000000 
0 0 0 0 0 0
00200186 8 0 0 "Beam" ""  0
"H340X250" "A36" 0.000000 0 0
0.000000 0.000000 1.000000 7158.0000 6477.0400 36.5000 7161.2500 6477.0400 36.5000 0.000000 0.000000
0.000000 0.000000
0.0000 0.0000 0.0000 0.0000 0.0000 0.0000
0 0 0 0 0 0 0 0 0 0 0 0
0 ""  0 "8/06/12" "13:25:53" "8/28/12" "17:20:41" 0 0 
0 0 0 0 0 0 0 0 0 0 0 0 
0 0 0.000000 0 0 0.000000 0.000000 
0 0 0 0 0 0
00200187 7 0 0 "Beam" ""  0
"C150X75" "A36" 0.000000 0 0
0.000000 0.000000 1.000000 7161.2500 6477.0400 36.5000 7164.0000 6477.0400 36.5000 0.000000 0.000000
0.000000 0.000000
0.0000 0.0000 0.0000 0.0000 0.0000 0.0000
0 0 0 0 0 0 0 0 0 0 0 0
0 ""  0 "8/06/12" "13:25:53" "8/06/12" "13:47:28" 0 0 
0 0 0 0 0 0 0 0 0 0 0 0 
0 0 0.000000 0 0 0.000000 0.000000 
0 0 0 0 0 0
00200189 7 0 0 "Beam" ""  0
"C150X75" "A36" 0.000000 0 0
0.000000 0.000000 1.000000 7161.2500 6476.1200 36.5000 7164.0000 6476.1200 36.5000 0.000000 0.000000
0.000000 0.000000
0.0000 0.0000 0.0000 0.0000 0.0000 0.0000
0 0 0 0 0 0 0 0 0 0 0 0
0 ""  0 "8/06/12" "13:25:57" "8/06/12" "13:26:15" 0 0 
0 0 0 0 0 0 0 0 0 0 0 0 
0 0 0.000000 0 0 0.000000 0.000000 
0 0 0 0 0 0
00200190 7 0 0 "Beam" ""  0
"C150X75" "A36" 0.000000 0 0
0.000000 0.000000 1.000000 7158.0000 6474.6500 36.5000 7159.6400 6474.6500 36.5000 0.000000 0.000000
0.000000 0.000000
0.0000 0.0000 0.0000 0.0000 0.0000 0.0000
0 0 0 0 0 0 0 0 0 0 0 0
0 ""  0 "8/06/12" "13:26:32" "11/26/12" "16:25:32" 0 0 
0 0 0 0 0 0 0 0 0 0 0 0 
0 0 0.000000 0 0 0.000000 0.000000 
0 0 0 0 0 0
00200191 7 0 0 "Beam" ""  0
"C150X75" "A36" 0.000000 0 0
0.000000 0.000000 1.000000 7161.0000 6474.6500 36.5000 7164.0000 6474.6500 36.5000 0.000000 0.000000
0.000000 0.000000
0.0000 0.0000 0.0000 0.0000 0.0000 0.0000
0 0 0 0 0 0 0 0 0 0 0 0
0 ""  0 "8/06/12" "13:26:32" "11/26/12" "16:33:48" 0 0 
0 0 0 0 0 0 0 0 0 0 0 0 
0 0 0.000000 0 0 0.000000 0.000000 
0 0 0 0 0 0
00200196 7 0 0 "Beam" ""  0
"C150X75" "A36" 0.000000 0 0
0.000000 0.000000 1.000000 7161.0000 6472.8800 36.5000 7164.0000 6472.8800 36.5000 0.000000 0.000000
0.000000 0.000000
0.0000 0.0000 0.0000 0.0000 0.0000 0.0000
0 0 0 0 0 0 0 0 0 0 0 0
0 ""  0 "8/06/12" "13:47:06" "11/12/12" "11:30:50" 0 0 
0 0 0 0 0 0 0 0 0 0 0 0 
0 0 0.000000 0 0 0.000000 0.000000 
0 0 0 0 0 0
00200197 8 0 0 "Beam" ""  0
"H340X250" "A36" 0.000000 0 0
0.000000 0.000000 1.000000 7158.0000 6471.9600 36.5000 7161.0000 6471.9600 36.5000 0.000000 0.000000
0.000000 0.000000
0.0000 0.0000 0.0000 0.0000 0.0000 0.0000
0 0 0 0 0 0 0 0 0 0 0 0
0 ""  0 "8/06/12" "13:47:10" "11/12/12" "11:35:54" 0 0 
0 0 0 0 0 0 0 0 0 0 0 0 
0 0 0.000000 0 0 0.000000 0.000000 
0 0 0 0 0 0
00200198 7 0 0 "Beam" ""  0
"C150X75" "A36" 0.000000 0 0
0.000000 0.000000 1.000000 7161.0000 6471.9600 36.5000 7164.0000 6471.9600 36.5000 0.000000 0.000000
0.000000 0.000000
0.0000 0.0000 0.0000 0.0000 0.0000 0.0000
0 0 0 0 0 0 0 0 0 0 0 0
0 ""  0 "8/06/12" "13:47:10" "11/26/12" "16:34:04" 0 0 
0 0 0 0 0 0 0 0 0 0 0 0 
0 0 0.000000 0 0 0.000000 0.000000 
0 0 0 0 0 0
00200199 7 0 0 "Beam" ""  0
"C150X75" "A36" 0.000000 0 1
0.000000 0.000000 1.000000 7158.0000 6471.4600 36.5000 7161.0000 6471.4600 36.5000 0.000000 0.000000
0.000000 0.000000
0.0000 0.0000 0.0000 0.0000 0.0000 0.0000
0 0 0 0 0 0 0 0 0 0 0 0
0 ""  0 "8/06/12" "13:47:14" "2/08/13" "09:52:20" 0 0 
0 0 0 0 0 0 0 0 0 0 0 0 
0 0 0.000000 0 0 0.000000 0.000000 
0 0 0 0 0 0
00200200 7 0 0 "Beam" ""  0
"C150X75" "A36" 0.000000 0 0
0.000000 0.000000 1.000000 7161.0000 6471.0400 36.5000 7164.0000 6471.0400 36.5000 0.000000 0.000000
0.000000 0.000000
0.0000 0.0000 0.0000 0.0000 0.0000 0.0000
0 0 0 0 0 0 0 0 0 0 0 0
0 ""  0 "8/06/12" "13:47:14" "11/12/12" "11:31:06" 0 0 
0 0 0 0 0 0 0 0 0 0 0 0 
0 0 0.000000 0 0 0.000000 0.000000 
0 0 0 0 0 0
00200201 7 0 0 "Beam" ""  0
"C150X75" "A36" 0.000000 0 0
0.000000 0.000000 1.000000 7158.0000 6470.3600 36.5000 7161.0000 6470.3600 36.5000 0.000000 0.000000
0.000000 0.000000
0.0000 0.0000 0.0000 0.0000 0.0000 0.0000
0 0 0 0 0 0 0 0 0 0 0 0
0 ""  0 "8/06/12" "13:47:14" "2/08/13" "09:52:31" 0 0 
0 0 0 0 0 0 0 0 0 0 0 0 
0 0 0.000000 0 0 0.000000 0.000000 
0 0 0 0 0 0
00200202 7 0 0 "Beam" ""  0
"C150X75" "A36" 0.000000 0 0
0.000000 0.000000 1.000000 7161.0000 6470.1200 36.5000 7164.0000 6470.1200 36.5000 0.000000 0.000000
0.000000 0.000000
0.0000 0.0000 0.0000 0.0000 0.0000 0.0000
0 0 0 0 0 0 0 0 0 0 0 0
0 ""  0 "8/06/12" "13:47:14" "11/12/12" "11:31:09" 0 0 
0 0 0 0 0 0 0 0 0 0 0 0 
0 0 0.000000 0 0 0.000000 0.000000 
0 0 0 0 0 0
00200204 8 0 0 "Beam" ""  0
"H600X200" "A36" 0.000000 0 0
0.000000 0.000000 1.000000 7164.0000 6469.5000 26.0000 7164.0000 6479.5000 26.0000 0.000000 0.000000
0.000000 0.000000
0.0000 0.0000 0.0000 0.0000 0.0000 0.0000
0 0 0 0 0 0 0 0 0 0 0 0
0 ""  0 "8/06/12" "14:12:15" "8/29/12" "20:23:39" 0 0 
0 0 0 0 0 0 0 0 0 0 0 0 
0 0 0.000000 0 0 0.000000 0.000000 
0 0 0 0 0 0
00200205 5 0 0 "Vbrace" ""  0
"H200X200" "A36" 0.000000 0 0
0.000000 0.000000 1.000000 7158.0000 6469.5000 26.3000 7158.0000 6474.4000 30.1500 0.000000 0.000000
0.000000 0.000000
0.0000 0.0000 0.0000 0.0000 0.0000 0.0000
0 0 0 0 0 0 0 0 0 0 0 0
0 ""  0 "8/06/12" "14:15:06" "8/29/12" "20:23:14" 0 0 
0 0 0 0 0 0 0 0 0 0 0 0 
0 0 0.000000 0 0 0.000000 0.000000 
0 0 0 0 0 0
00200206 5 0 0 "Vbrace" ""  0
"H200X200" "A36" 0.000000 0 0
0.000000 0.000000 1.000000 7158.0000 6479.5000 26.3000 7158.0000 6474.6000 30.1500 0.000000 0.000000
0.000000 0.000000
0.0000 0.0000 0.0000 0.0000 0.0000 0.0000
0 0 0 0 0 0 0 0 0 0 0 0
0 ""  0 "8/06/12" "14:15:21" "8/29/12" "20:23:17" 0 0 
0 0 0 0 0 0 0 0 0 0 0 0 
0 0 0.000000 0 0 0.000000 0.000000 
0 0 0 0 0 0
00200207 5 0 0 "Vbrace" ""  0
"H200X200" "A36" 0.000000 0 0
0.000000 0.000000 1.000000 7164.0000 6469.5000 26.3000 7164.0000 6474.4000 30.1500 0.000000 0.000000
0.000000 0.000000
0.0000 0.0000 0.0000 0.0000 0.0000 0.0000
0 0 0 0 0 0 0 0 0 0 0 0
0 ""  0 "8/06/12" "14:16:39" "8/29/12" "20:25:33" 0 0 
0 0 0 0 0 0 0 0 0 0 0 0 
0 0 0.000000 0 0 0.000000 0.000000 
0 0 0 0 0 0
00200208 5 0 0 "Vbrace" ""  0
"H200X200" "A36" 0.000000 0 0
0.000000 0.000000 1.000000 7164.0000 6479.5000 26.3000 7164.0000 6474.6000 30.1500 0.000000 0.000000
0.000000 0.000000
0.0000 0.0000 0.0000 0.0000 0.0000 0.0000
0 0 0 0 0 0 0 0 0 0 0 0
0 ""  0 "8/06/12" "14:16:39" "8/29/12" "20:25:36" 0 0 
0 0 0 0 0 0 0 0 0 0 0 0 
0 0 0.000000 0 0 0.000000 0.000000 
0 0 0 0 0 0
00200215 7 0 0 "Beam" ""  0
"C150X75" "A36" 0.000000 0 0
0.000000 0.000000 1.000000 7161.0000 6478.0000 30.5000 7164.0000 6478.0000 30.5000 0.000000 0.000000
0.000000 0.000000
0.0000 0.0000 0.0000 0.0000 0.0000 0.0000
0 0 0 0 0 0 0 0 0 0 0 0
0 ""  0 "8/28/12" "17:12:46" "1/04/13" "15:28:22" 0 0 
0 0 0 0 0 0 0 0 0 0 0 0 
0 0 0.000000 0 0 0.000000 0.000000 
0 0 0 0 0 0
00200218 7 0 0 "Beam" ""  0
"C150X75" "A36" 0.000000 0 0
0.000000 0.000000 1.000000 7161.0000 6478.9200 30.5000 7164.0000 6478.9200 30.5000 0.000000 0.000000
0.000000 0.000000
0.0000 0.0000 0.0000 0.0000 0.0000 0.0000
0 0 0 0 0 0 0 0 0 0 0 0
0 ""  0 "8/28/12" "17:12:49" "1/04/13" "15:28:22" 0 0 
0 0 0 0 0 0 0 0 0 0 0 0 
0 0 0.000000 0 0 0.000000 0.000000 
0 0 0 0 0 0
00200221 7 0 0 "Beam" ""  0
"C150X75" "A36" 0.000000 0 0
0.000000 0.000000 1.000000 7161.0000 6475.2900 30.5000 7164.0000 6475.2900 30.5000 0.000000 0.000000
0.000000 0.000000
0.0000 0.0000 0.0000 0.0000 0.0000 0.0000
0 0 0 0 0 0 0 0 0 0 0 0
0 ""  0 "8/28/12" "17:12:55" "1/04/13" "15:28:22" 0 0 
0 0 0 0 0 0 0 0 0 0 0 0 
0 0 0.000000 0 0 0.000000 0.000000 
0 0 0 0 0 0
00200222 8 0 0 "Beam" ""  0
"H340X250" "A36" 0.000000 0 0
0.000000 0.000000 1.000000 7159.6400 6471.9600 36.5000 7159.6400 6473.8750 36.5000 0.000000 0.000000
0.000000 0.000000
0.0000 0.0000 -0.4800 0.0000 0.0000 -0.4800
0 0 0 0 0 0 0 0 0 0 0 0
0 ""  0 "8/28/12" "17:21:04" "9/21/12" "14:30:55" 0 0 
0 0 0 0 0 0 0 0 0 0 0 0 
0 0 0.000000 0 0 0.000000 0.000000 
0 0 0 0 0 0
00200223 8 0 0 "Beam" ""  0
"H340X250" "A36" 0.000000 0 0
0.000000 0.000000 1.000000 7160.3600 6471.9600 36.5000 7160.3600 6473.8750 36.5000 0.000000 0.000000
0.000000 0.000000
0.0000 0.0000 -0.4800 0.0000 0.0000 -0.4800
0 0 0 0 0 0 0 0 0 0 0 0
0 ""  0 "8/28/12" "17:21:06" "9/21/12" "14:32:13" 0 0 
0 0 0 0 0 0 0 0 0 0 0 0 
0 0 0.000000 0 0 0.000000 0.000000 
0 0 0 0 0 0
00200224 8 0 0 "Beam" ""  0
"H340X250" "A36" 0.000000 0 0
0.000000 0.000000 1.000000 7159.6400 6475.4250 36.5000 7159.6400 6477.0400 36.5000 0.000000 0.000000
0.000000 0.000000
0.0000 0.0000 -0.4800 0.0000 0.0000 -0.4800
0 0 0 0 0 0 0 0 0 0 0 0
0 ""  0 "8/28/12" "17:21:09" "9/21/12" "14:30:56" 0 0 
0 0 0 0 0 0 0 0 0 0 0 0 
0 0 0.000000 0 0 0.000000 0.000000 
0 0 0 0 0 0
00200225 8 0 0 "Beam" ""  0
"H340X250" "A36" 0.000000 0 0
0.000000 0.000000 1.000000 7160.3600 6475.4250 36.5000 7160.3600 6477.0400 36.5000 0.000000 0.000000
0.000000 0.000000
0.0000 0.0000 -0.4800 0.0000 0.0000 -0.4800
0 0 0 0 0 0 0 0 0 0 0 0
0 ""  0 "8/28/12" "17:21:11" "11/12/12" "11:27:58" 0 0 
0 0 0 0 0 0 0 0 0 0 0 0 
0 0 0.000000 0 0 0.000000 0.000000 
0 0 0 0 0 0
00200226 7 0 0 "Beam" ""  0
"C150X75" "A36" 0.000000 0 0
0.000000 0.000000 1.000000 7158.0000 6472.8800 36.5000 7159.6400 6472.8800 36.5000 0.000000 0.000000
0.000000 0.000000
0.0000 0.0000 0.0000 0.0000 0.0000 0.0000
0 0 0 0 0 0 0 0 0 0 0 0
0 ""  0 "8/28/12" "17:22:09" "8/29/12" "11:40:47" 0 0 
0 0 0 0 0 0 0 0 0 0 0 0 
0 0 0.000000 0 0 0.000000 0.000000 
0 0 0 0 0 0
00200229 7 0 0 "Beam" ""  0
"C150X75" "A36" 0.000000 0 0
0.000000 0.000000 1.000000 7158.0000 6476.1200 36.5000 7159.6400 6476.1200 36.5000 0.000000 0.000000
0.000000 0.000000
0.0000 0.0000 0.0000 0.0000 0.0000 0.0000
0 0 0 0 0 0 0 0 0 0 0 0
0 ""  0 "8/28/12" "17:22:14" "8/29/12" "11:40:43" 0 0 
0 0 0 0 0 0 0 0 0 0 0 0 
0 0 0.000000 0 0 0.000000 0.000000 
0 0 0 0 0 0
00200240 5 0 0 "Column" ""  0
"H150X150" "A36" 0.000000 0 0
1.000000 0.000000 0.000000 7162.7000 6467.8000 30.5000 7162.7000 6467.8000 31.0860 0.000000 0.000000
0.000000 0.000000
0.0000 0.0000 0.0000 0.0000 0.0000 0.0000
0 0 0 0 0 0 0 0 0 0 0 0
0 ""  0 "8/29/12" "10:11:39" "8/31/12" "18:23:46" 0 0 
0 0 0 0 0 0 0 0 0 0 0 0 
0 0 0.000000 0 0 0.000000 0.000000 
0 0 0 0 0 0
00200241 8 0 0 "Beam" ""  0
"H194X150" "A36" 0.000000 0 0
0.000000 0.000000 1.000000 7162.6250 6467.8000 31.2800 7163.6750 6467.8000 31.2800 0.000000 0.000000
0.000000 0.000000
0.0000 0.0000 0.0000 0.0000 0.0000 0.0000
0 0 0 0 0 0 0 0 0 0 0 0
0 ""  0 "8/29/12" "10:12:15" "8/31/12" "17:48:09" 0 0 
0 0 0 0 0 0 0 0 0 0 0 0 
0 0 0.000000 0 0 0.000000 0.000000 
0 0 0 0 0 0
00200242 5 0 0 "Column" ""  0
"H150X150" "A36" 0.000000 0 0
1.000000 0.000000 0.000000 7159.2500 6467.8000 36.5000 7159.2500 6467.8000 37.4860 0.000000 0.000000
0.000000 0.000000
0.0000 0.0000 0.0000 0.0000 0.0000 0.0000
0 0 0 0 0 0 0 0 0 0 0 0
0 ""  0 "8/29/12" "10:14:18" "8/31/12" "17:49:58" 0 0 
0 0 0 0 0 0 0 0 0 0 0 0 
0 0 0.000000 0 0 0.000000 0.000000 
0 0 0 0 0 0
00200244 8 0 0 "Beam" ""  0
"H194X150" "A36" 0.000000 0 0
0.000000 0.000000 1.000000 7158.2750 6467.8000 37.6800 7159.3250 6467.8000 37.6800 0.000000 0.000000
0.000000 0.000000
0.0000 0.0000 0.0000 0.0000 0.0000 0.0000
0 0 0 0 0 0 0 0 0 0 0 0
0 ""  0 "8/29/12" "10:14:48" "8/31/12" "17:50:08" 0 0 
0 0 0 0 0 0 0 0 0 0 0 0 
0 0 0.000000 0 0 0.000000 0.000000 
0 0 0 0 0 0
00200245 5 0 0 "Column" ""  0
"H390X300" "A36" 0.000000 0 0
1.000000 0.000000 0.000000 7164.0000 6469.5000 32.0000 7164.0000 6469.5000 36.6000 0.000000 0.000000
0.000000 0.000000
0.0000 0.0000 0.0000 0.0000 0.0000 0.0000
0 0 0 0 0 0 0 0 0 0 0 0
0 ""  0 "8/29/12" "17:28:21" "10/08/12" "21:21:36" 0 0 
0 0 0 0 0 0 0 0 0 0 0 0 
0 0 0.000000 0 0 0.000000 0.000000 
0 0 0 0 0 0
00200246 5 0 0 "Column" ""  0
"H390X300" "A36" 0.000000 0 0
1.000000 0.000000 0.000000 7164.0000 6479.5000 32.0000 7164.0000 6479.5000 36.6000 0.000000 0.000000
0.000000 0.000000
0.0000 0.0000 0.0000 0.0000 0.0000 0.0000
0 0 0 0 0 0 0 0 0 0 0 0
0 ""  0 "8/29/12" "17:28:23" "10/08/12" "21:21:18" 0 0 
0 0 0 0 0 0 0 0 0 0 0 0 
0 0 0.000000 0 0 0.000000 0.000000 
0 0 0 0 0 0
00200247 5 0 0 "Column" ""  0
"H390X300" "A36" 0.000000 0 0
1.000000 0.000000 0.000000 7158.0000 6469.5000 32.0000 7158.0000 6469.5000 36.6000 0.000000 0.000000
0.000000 0.000000
0.0000 0.0000 0.0000 0.0000 0.0000 0.0000
0 0 0 0 0 0 0 0 0 0 0 0
0 ""  0 "8/29/12" "17:29:12" "10/08/12" "21:21:42" 0 0 
0 0 0 0 0 0 0 0 0 0 0 0 
0 0 0.000000 0 0 0.000000 0.000000 
0 0 0 0 0 0
00200248 5 0 0 "Column" ""  0
"H390X300" "A36" 0.000000 0 0
1.000000 0.000000 0.000000 7158.0000 6479.5000 32.0000 7158.0000 6479.5000 36.6000 0.000000 0.000000
0.000000 0.000000
0.0000 0.0000 0.0000 0.0000 0.0000 0.0000
0 0 0 0 0 0 0 0 0 0 0 0
0 ""  0 "8/29/12" "17:29:14" "10/08/12" "21:21:10" 0 0 
0 0 0 0 0 0 0 0 0 0 0 0 
0 0 0.000000 0 0 0.000000 0.000000 
0 0 0 0 0 0
00200249 8 0 0 "Hbrace" ""  0
"T150X150" "A36" 0.000000 0 0
0.000000 0.000000 1.000000 7156.3000 6476.9800 25.7900 7158.0000 6474.6600 25.7900 0.000000 0.000000
0.000000 0.000000
0.0000 0.0000 -0.0000 0.0000 0.0000 0.0000
0 0 0 0 0 0 0 0 0 0 0 0
0 ""  0 "8/29/12" "20:02:23" "2/22/13" "22:00:32" 0 0 
0 0 0 0 0 0 0 0 0 0 0 0 
0 0 0.000000 0 0 0.000000 0.000000 
0 0 0 0 0 0
00200250 5 0 0 "Vbrace" ""  0
"H150X150" "A36" 0.000000 0 0
0.000000 0.000000 1.000000 7154.6000 6469.5000 23.6000 7154.6000 6472.0000 25.7000 0.000000 0.000000
0.000000 0.000000
0.0000 0.0000 0.0000 0.0000 0.0000 0.0000
0 0 0 0 0 0 0 0 0 0 0 0
0 ""  0 "8/31/12" "17:34:26" "8/31/12" "17:34:26" 0 0 
0 0 0 0 0 0 0 0 0 0 0 0 
0 0 0.000000 0 0 0.000000 0.000000 
0 0 0 0 0 0
00200251 5 0 0 "Vbrace" ""  0
"H150X150" "A36" 0.000000 0 0
0.000000 0.000000 1.000000 7154.6000 6479.5000 23.6000 7154.6000 6477.0000 25.7000 0.000000 0.000000
0.000000 0.000000
0.0000 0.0000 0.0000 0.0000 0.0000 0.0000
0 0 0 0 0 0 0 0 0 0 0 0
0 ""  0 "8/31/12" "17:34:31" "8/31/12" "17:35:33" 0 0 
0 0 0 0 0 0 0 0 0 0 0 0 
0 0 0.000000 0 0 0.000000 0.000000 
0 0 0 0 0 0
00200252 8 0 0 "Hbrace" ""  0
"T150X150" "A36" 0.000000 0 0
0.000000 0.000000 1.000000 7163.6550 6479.5000 30.1500 7161.2000 6474.8000 30.1500 0.000000 0.000000
0.000000 0.000000
0.0000 0.0000 0.0000 0.0000 0.0000 0.0000
0 0 0 0 0 0 0 0 0 0 0 0
0 ""  0 "8/31/12" "17:44:48" "2/22/13" "22:01:04" 0 0 
0 0 0 0 0 0 0 0 0 0 0 0 
0 0 0.000000 0 0 0.000000 0.000000 
0 0 0 0 0 0
00200253 5 0 0 "Column" ""  0
"H150X150" "A36" 0.000000 0 0
1.000000 0.000000 0.000000 7163.6000 6467.8000 30.5000 7163.6000 6467.8000 31.0860 0.000000 0.000000
0.000000 0.000000
0.0000 0.0000 0.0000 0.0000 0.0000 0.0000
0 0 0 0 0 0 0 0 0 0 0 0
0 ""  0 "8/31/12" "17:47:43" "8/31/12" "18:23:46" 0 0 
0 0 0 0 0 0 0 0 0 0 0 0 
0 0 0.000000 0 0 0.000000 0.000000 
0 0 0 0 0 0
00200254 5 0 0 "Column" ""  0
"H150X150" "A36" 0.000000 0 0
1.000000 0.000000 0.000000 7158.3500 6467.8000 36.5000 7158.3500 6467.8000 37.4860 0.000000 0.000000
0.000000 0.000000
0.0000 0.0000 0.0000 0.0000 0.0000 0.0000
0 0 0 0 0 0 0 0 0 0 0 0
0 ""  0 "8/31/12" "17:49:49" "8/31/12" "17:49:58" 0 0 
0 0 0 0 0 0 0 0 0 0 0 0 
0 0 0.000000 0 0 0.000000 0.000000 
0 0 0 0 0 0
00200255 5 0 0 "Column" ""  0
"H200X200" "A36" 0.000000 0 0
1.000000 0.000000 0.000000 7160.3600 6475.4250 36.5000 7160.3600 6475.4250 37.3300 0.000000 0.000000
0.000000 0.000000
0.0000 0.0000 0.0000 0.0000 0.0000 0.0000
0 0 0 0 0 0 0 0 0 0 0 0
0 ""  0 "9/21/12" "14:33:59" "9/21/12" "14:33:59" 0 0 
0 0 0 0 0 0 0 0 0 0 0 0 
0 0 0.000000 0 0 0.000000 0.000000 
0 0 0 0 0 0
00200256 8 0 0 "Beam" ""  0
"H400X200" "A36" 0.000000 0 0
0.000000 0.000000 1.000000 7162.0000 6475.1750 35.9120 7162.0000 6480.0000 35.9120 0.000000 0.000000
0.000000 0.000000
0.0000 0.0000 0.0000 0.0000 0.0000 0.0000
0 0 0 0 0 0 0 0 0 0 0 0
0 ""  0 "10/19/12" "16:13:50" "11/26/12" "17:05:13" 0 0 
0 0 0 0 0 0 0 0 0 0 0 0 
0 0 0.000000 0 0 0.000000 0.000000 
0 0 0 0 0 0
00200257 7 0 0 "Beam" ""  0
"C150X75" "A36" 0.000000 0 0
0.000000 0.000000 1.000000 7156.3800 6472.6700 26.0000 7156.3800 6473.4300 26.0000 0.000000 0.000000
0.000000 0.000000
0.0000 0.0000 0.0000 0.0000 0.0000 0.0000
0 0 0 0 0 0 0 0 0 0 0 0
0 ""  0 "11/12/12" "11:20:54" "11/12/12" "11:21:58" 0 0 
0 0 0 0 0 0 0 0 0 0 0 0 
0 0 0.000000 0 0 0.000000 0.000000 
0 0 0 0 0 0
00200258 7 0 0 "Beam" ""  0
"C150X75" "A36" 0.000000 0 1
0.000000 0.000000 1.000000 7155.6200 6472.6700 26.0000 7155.6200 6473.4300 26.0000 0.000000 0.000000
0.000000 0.000000
0.0000 0.0000 0.0000 0.0000 0.0000 0.0000
0 0 0 0 0 0 0 0 0 0 0 0
0 ""  0 "11/12/12" "11:21:14" "11/12/12" "11:21:58" 0 0 
0 0 0 0 0 0 0 0 0 0 0 0 
0 0 0.000000 0 0 0.000000 0.000000 
0 0 0 0 0 0
00200259 7 0 0 "Beam" ""  0
"C150X75" "A36" 0.000000 0 0
0.000000 0.000000 1.000000 7160.3600 6476.1200 36.5000 7161.2500 6476.1200 36.5000 0.000000 0.000000
0.000000 0.000000
0.0000 0.0000 0.0000 0.0000 0.0000 0.0000
0 0 0 0 0 0 0 0 0 0 0 0
0 ""  0 "11/12/12" "11:28:07" "11/12/12" "11:28:38" 0 0 
0 0 0 0 0 0 0 0 0 0 0 0 
0 0 0.000000 0 0 0.000000 0.000000 
0 0 0 0 0 0
00200260 7 0 0 "Beam" ""  0
"C150X75" "A36" 0.000000 0 0
0.000000 0.000000 1.000000 7159.4950 6471.4600 36.5000 7159.4950 6470.3600 36.5000 0.000000 0.000000
0.000000 0.000000
0.0000 0.0000 0.0000 0.0000 0.0000 0.0000
0 0 0 0 0 0 0 0 0 0 0 0
0 ""  0 "11/12/12" "11:34:32" "2/08/13" "09:53:11" 0 0 
0 0 0 0 0 0 0 0 0 0 0 0 
0 0 0.000000 0 0 0.000000 0.000000 
0 0 0 0 0 0
00200261 7 0 0 "Beam" ""  0
"C150X75" "A36" 0.000000 0 1
0.000000 0.000000 1.000000 7160.5050 6471.4300 36.5000 7160.5050 6470.3600 36.5000 0.000000 0.000000
0.000000 0.000000
0.0000 0.0000 0.0000 0.0000 0.0000 0.0000
0 0 0 0 0 0 0 0 0 0 0 0
0 ""  0 "11/12/12" "11:35:04" "2/08/13" "09:53:43" 0 0 
0 0 0 0 0 0 0 0 0 0 0 0 
0 0 0.000000 0 0 0.000000 0.000000 
0 0 0 0 0 0
00200262 8 0 0 "Beam" ""  0
"H350X175" "A36" 0.000000 0 0
0.000000 0.000000 1.000000 7156.1000 6482.0000 30.5000 7164.0000 6482.0000 30.5000 0.000000 0.000000
0.000000 0.000000
0.0000 0.0000 0.0000 0.0000 0.0000 0.0000
0 0 0 0 0 0 0 0 0 0 0 0
0 ""  0 "11/12/12" "17:53:41" "11/26/12" "17:42:14" 0 0 
0 0 0 0 0 0 0 0 0 0 0 0 
0 0 0.000000 0 0 0.000000 0.000000 
0 0 0 0 0 0
00200263 8 0 0 "Beam" ""  0
"H350X175" "A36" 0.000000 0 0
0.000000 0.000000 1.000000 7158.0000 6479.5000 30.5000 7158.0000 6482.0000 30.5000 0.000000 0.000000
0.000000 0.000000
0.0000 0.0000 0.0000 0.0000 0.0000 0.0000
0 0 0 0 0 0 0 0 0 0 0 0
0 ""  0 "11/12/12" "17:54:01" "11/26/12" "17:42:31" 0 0 
0 0 0 0 0 0 0 0 0 0 0 0 
0 0 0.000000 0 0 0.000000 0.000000 
0 0 0 0 0 0
00200264 8 0 0 "Beam" ""  0
"H350X175" "A36" 0.000000 0 0
0.000000 0.000000 1.000000 7164.0000 6479.5000 30.5000 7164.0000 6482.1000 30.5000 0.000000 0.000000
0.000000 0.000000
0.0000 0.0000 0.0000 0.0000 0.0000 0.0000
0 0 0 0 0 0 0 0 0 0 0 0
0 ""  0 "11/12/12" "17:54:11" "11/26/12" "17:39:48" 0 0 
0 0 0 0 0 0 0 0 0 0 0 0 
0 0 0.000000 0 0 0.000000 0.000000 
0 0 0 0 0 0
00200265 8 0 0 "Beam" ""  0
"H350X175" "A36" 0.000000 0 0
0.000000 0.000000 1.000000 7156.2000 6479.5000 30.5000 7156.2000 6482.0000 30.5000 0.000000 0.000000
0.000000 0.000000
0.0000 0.0000 0.0000 0.0000 0.0000 0.0000
0 0 0 0 0 0 0 0 0 0 0 0
0 ""  0 "11/12/12" "17:54:53" "11/26/12" "15:00:09" 0 0 
0 0 0 0 0 0 0 0 0 0 0 0 
0 0 0.000000 0 0 0.000000 0.000000 
0 0 0 0 0 0
00200266 8 0 0 "Beam" ""  0
"H350X175" "A36" 0.000000 0 0
0.000000 0.000000 1.000000 7156.1000 6479.5000 30.5000 7158.0000 6479.5000 30.5000 0.000000 0.000000
0.000000 0.000000
0.0000 0.0000 0.0000 0.0000 0.0000 0.0000
0 0 0 0 0 0 0 0 0 0 0 0
0 ""  0 "11/12/12" "17:55:02" "11/26/12" "17:12:58" 0 0 
0 0 0 0 0 0 0 0 0 0 0 0 
0 0 0.000000 0 0 0.000000 0.000000 
0 0 0 0 0 0
00200267 8 0 0 "Beam" ""  0
"H350X175" "A36" 0.000000 0 0
0.000000 0.000000 1.000000 7161.0000 6479.5000 30.5000 7161.0000 6482.0000 30.5000 0.000000 0.000000
0.000000 0.000000
0.0000 0.0000 0.0000 0.0000 0.0000 0.0000
0 0 0 0 0 0 0 0 0 0 0 0
0 ""  0 "11/12/12" "17:55:26" "11/26/12" "15:34:27" 0 0 
0 0 0 0 0 0 0 0 0 0 0 0 
0 0 0.000000 0 0 0.000000 0.000000 
0 0 0 0 0 0
00200268 7 0 0 "Beam" ""  0
"C150X75" "A36" 0.000000 0 0
0.000000 0.000000 1.000000 7158.0000 6480.5000 30.5000 7161.0000 6480.5000 30.5000 0.000000 0.000000
0.000000 0.000000
0.0000 0.0000 0.0000 0.0000 0.0000 0.0000
0 0 0 0 0 0 0 0 0 0 0 0
0 ""  0 "11/12/12" "17:55:39" "11/26/12" "14:56:08" 0 0 
0 0 0 0 0 0 0 0 0 0 0 0 
0 0 0.000000 0 0 0.000000 0.000000 
0 0 0 0 0 0
00200269 7 0 0 "Beam" ""  0
"C150X75" "A36" 0.000000 0 0
0.000000 0.000000 1.000000 7161.0000 6480.5000 30.5000 7164.0000 6480.5000 30.5000 0.000000 0.000000
0.000000 0.000000
0.0000 0.0000 0.0000 0.0000 0.0000 0.0000
0 0 0 0 0 0 0 0 0 0 0 0
0 ""  0 "11/12/12" "17:55:51" "11/26/12" "14:56:12" 0 0 
0 0 0 0 0 0 0 0 0 0 0 0 
0 0 0.000000 0 0 0.000000 0.000000 
0 0 0 0 0 0
00200270 7 0 0 "Beam" ""  0
"C150X75" "A36" 0.000000 0 0
0.000000 0.000000 1.000000 7158.0000 6481.2500 30.5000 7161.0000 6481.2500 30.5000 0.000000 0.000000
0.000000 0.000000
0.0000 0.0000 0.0000 0.0000 0.0000 0.0000
0 0 0 0 0 0 0 0 0 0 0 0
0 ""  0 "11/12/12" "17:56:03" "1/04/13" "11:47:52" 0 0 
0 0 0 0 0 0 0 0 0 0 0 0 
0 0 0.000000 0 0 0.000000 0.000000 
0 0 0 0 0 0
00200271 7 0 0 "Beam" ""  0
"C150X75" "A36" 0.000000 0 0
0.000000 0.000000 1.000000 7161.0000 6481.2500 30.5000 7164.0000 6481.2500 30.5000 0.000000 0.000000
0.000000 0.000000
0.0000 0.0000 0.0000 0.0000 0.0000 0.0000
0 0 0 0 0 0 0 0 0 0 0 0
0 ""  0 "11/12/12" "17:56:03" "11/26/12" "14:56:15" 0 0 
0 0 0 0 0 0 0 0 0 0 0 0 
0 0 0.000000 0 0 0.000000 0.000000 
0 0 0 0 0 0
00200272 7 0 0 "Beam" ""  0
"C150X75" "A36" 0.000000 0 1
0.000000 0.000000 1.000000 7156.2000 6480.5000 30.5000 7158.0000 6480.5000 30.5000 0.000000 0.000000
0.000000 0.000000
0.0000 0.0000 0.0000 0.0000 0.0000 0.0000
0 0 0 0 0 0 0 0 0 0 0 0
0 ""  0 "11/12/12" "17:56:09" "2/08/13" "09:40:19" 0 0 
0 0 0 0 0 0 0 0 0 0 0 0 
0 0 0.000000 0 0 0.000000 0.000000 
0 0 0 0 0 0
00200273 7 0 0 "Beam" ""  0
"C150X75" "A36" 0.000000 0 0
0.000000 0.000000 1.000000 7156.2000 6481.2500 30.5000 7158.0000 6481.2500 30.5000 0.000000 0.000000
0.000000 0.000000
0.0000 0.0000 0.0000 0.0000 0.0000 0.0000
0 0 0 0 0 0 0 0 0 0 0 0
0 ""  0 "11/12/12" "17:56:18" "11/26/12" "14:56:06" 0 0 
0 0 0 0 0 0 0 0 0 0 0 0 
0 0 0.000000 0 0 0.000000 0.000000 
0 0 0 0 0 0
00200275 8 0 0 "Vbrace" ""  0
"T150X150" "A36" 90.000000 0 0
0.000000 0.000000 1.000000 7164.0000 6479.5000 27.8250 7164.0000 6482.0000 30.3250 0.000000 0.000000
0.000000 0.000000
0.0000 0.0000 0.0000 0.0000 0.0000 0.0000
0 0 0 0 0 0 0 0 0 0 0 0
0 ""  0 "11/12/12" "18:07:53" "11/26/12" "17:48:58" 0 0 
0 0 0 0 0 0 0 0 0 0 0 0 
0 0 0.000000 0 0 0.000000 0.000000 
0 0 0 0 0 0
00200276 8 0 0 "Vbrace" ""  0
"T150X150" "A36" 90.000000 0 0
0.000000 0.000000 1.000000 7158.0000 6479.5000 28.5250 7156.2000 6479.5000 30.3250 0.000000 0.000000
0.000000 0.000000
0.0000 0.0000 0.0000 0.0000 0.0000 0.0000
0 0 0 0 0 0 0 0 0 0 0 0
0 ""  0 "11/26/12" "17:14:03" "11/26/12" "17:14:15" 0 0 
0 0 0 0 0 0 0 0 0 0 0 0 
0 0 0.000000 0 0 0.000000 0.000000 
0 0 0 0 0 0
00200277 8 0 0 "Vbrace" ""  0
"T150X150" "A36" 270.000000 0 0
0.000000 0.000000 1.000000 7158.0000 6479.5000 28.0250 7158.0000 6481.8000 30.3250 0.000000 0.000000
0.000000 0.000000
0.0000 0.0000 0.0000 0.0000 0.0000 0.0000
0 0 0 0 0 0 0 0 0 0 0 0
0 ""  0 "11/26/12" "17:42:41" "11/26/12" "17:42:50" 0 0 
0 0 0 0 0 0 0 0 0 0 0 0 
0 0 0.000000 0 0 0.000000 0.000000 
0 0 0 0 0 0
00200278 7 0 0 "Beam" ""  0
"C150X75" "A36" 0.000000 0 0
0.000000 0.000000 1.000000 7159.4950 6474.8000 30.5000 7159.4950 6473.0700 30.5000 0.000000 0.000000
0.000000 0.000000
0.0000 0.0000 0.0000 0.0000 0.0000 0.0000
0 0 0 0 0 0 0 0 0 0 0 0
0 ""  0 "1/04/13" "11:42:54" "1/04/13" "15:59:02" 0 0 
0 0 0 0 0 0 0 0 0 0 0 0 
0 0 0.000000 0 0 0.000000 0.000000 
0 0 0 0 0 0
00200279 7 0 0 "Beam" ""  0
"C150X75" "A36" 0.000000 0 0
0.000000 0.000000 1.000000 7159.4950 6473.5900 30.5000 7161.0000 6473.5900 30.5000 0.000000 0.000000
0.000000 0.000000
0.0000 0.0000 0.0000 0.0000 0.0000 0.0000
0 0 0 0 0 0 0 0 0 0 0 0
0 ""  0 "1/04/13" "11:43:50" "1/04/13" "11:44:29" 0 0 
0 0 0 0 0 0 0 0 0 0 0 0 
0 0 0.000000 0 0 0.000000 0.000000 
0 0 0 0 0 0
00200280 7 0 0 "Beam" ""  0
"C150X75" "A36" 0.000000 0 0
0.000000 0.000000 1.000000 7159.4950 6477.4250 30.5000 7159.4950 6475.8950 30.5000 0.000000 0.000000
0.000000 0.000000
0.0000 0.0000 0.0000 0.0000 0.0000 0.0000
0 0 0 0 0 0 0 0 0 0 0 0
0 ""  0 "1/04/13" "11:46:11" "1/04/13" "15:59:02" 0 0 
0 0 0 0 0 0 0 0 0 0 0 0 
0 0 0.000000 0 0 0.000000 0.000000 
0 0 0 0 0 0
00200281 7 0 0 "Beam" ""  0
"C150X75" "A36" 0.000000 0 1
0.000000 0.000000 1.000000 7159.4950 6476.9300 30.5000 7161.0000 6476.9300 30.5000 0.000000 0.000000
0.000000 0.000000
0.0000 0.0000 0.0000 0.0000 0.0000 0.0000
0 0 0 0 0 0 0 0 0 0 0 0
0 ""  0 "1/04/13" "11:46:33" "1/04/13" "15:29:18" 0 0 
0 0 0 0 0 0 0 0 0 0 0 0 
0 0 0.000000 0 0 0.000000 0.000000 
0 0 0 0 0 0
