# Frameworks Plus Version : 07.03.00.28
Packet 00
"SDNF Version 3.0"
""
""
""
""
"7/10/13" "17:21:19"
0 ""
""
0
Packet 10
"meters" 260   
00201420 5 0 0 "Column" ""  0
"H350X350" "A36" 0.000000 0 0
1.000000 0.000000 0.000000 7085.9000 6451.0000 23.3000 7085.9000 6451.0000 34.1900 0.000000 0.000000
0.000000 0.000000
0.0000 0.0000 0.0000 0.0000 0.0000 0.0000
0 0 0 0 0 0 0 0 0 0 0 0
0 ""  0 "11/13/12" "19:20:14" "2/22/13" "22:06:15" 0 0 
0 0 0 0 0 0 0 0 0 0 0 0 
0 0 0.050000 1 0 0.000000 10.890000 
0 0 0 0 0 0
00201421 5 0 0 "Column" ""  0
"H350X350" "A36" 0.000000 0 0
1.000000 0.000000 0.000000 7088.9000 6451.0000 23.3000 7088.9000 6451.0000 27.1000 0.000000 0.000000
0.000000 0.000000
0.0000 0.0000 0.0000 0.0000 0.0000 0.0000
0 0 0 0 0 0 0 0 0 0 0 0
0 ""  0 "11/13/12" "19:20:15" "12/21/12" "13:33:42" 0 0 
0 0 0 0 0 0 0 0 0 0 0 0 
0 0 0.050000 1 0 0.000000 3.800000 
0 0 0 0 0 0
00201422 5 0 0 "Column" ""  0
"H350X350" "A36" 0.000000 0 0
1.000000 0.000000 0.000000 7085.9000 6446.5000 23.3000 7085.9000 6446.5000 34.1900 0.000000 0.000000
0.000000 0.000000
0.0000 0.0000 0.0000 0.0000 0.0000 0.0000
0 0 0 0 0 0 0 0 0 0 0 0
0 ""  0 "11/13/12" "19:20:16" "2/22/13" "22:06:12" 0 0 
0 0 0 0 0 0 0 0 0 0 0 0 
0 0 0.050000 1 0 0.000000 10.890000 
0 0 0 0 0 0
00201423 5 0 0 "Column" ""  0
"H350X350" "A36" 0.000000 0 0
1.000000 0.000000 0.000000 7088.9000 6446.5000 23.3000 7088.9000 6446.5000 27.1000 0.000000 0.000000
0.000000 0.000000
0.0000 0.0000 0.0000 0.0000 0.0000 0.0000
0 0 0 0 0 0 0 0 0 0 0 0
0 ""  0 "11/13/12" "19:20:17" "12/21/12" "13:33:53" 0 0 
0 0 0 0 0 0 0 0 0 0 0 0 
0 0 0.050000 1 0 0.000000 3.800000 
0 0 0 0 0 0
00201424 5 0 0 "Column" ""  0
"H350X350" "A36" 0.000000 0 0
1.000000 0.000000 0.000000 7085.9000 6439.5000 23.3000 7085.9000 6439.5000 34.1900 0.000000 0.000000
0.000000 0.000000
0.0000 0.0000 0.0000 0.0000 0.0000 0.0000
0 0 0 0 0 0 0 0 0 0 0 0
0 ""  0 "11/13/12" "19:20:18" "2/22/13" "22:06:09" 0 0 
0 0 0 0 0 0 0 0 0 0 0 0 
0 0 0.050000 1 0 0.000000 10.890000 
0 0 0 0 0 0
00201425 5 0 0 "Column" ""  0
"H350X350" "A36" 0.000000 0 0
1.000000 0.000000 0.000000 7088.9000 6439.5000 23.3000 7088.9000 6439.5000 27.1000 0.000000 0.000000
0.000000 0.000000
0.0000 0.0000 0.0000 0.0000 0.0000 0.0000
0 0 0 0 0 0 0 0 0 0 0 0
0 ""  0 "11/13/12" "19:20:19" "12/21/12" "13:34:32" 0 0 
0 0 0 0 0 0 0 0 0 0 0 0 
0 0 0.050000 1 0 0.000000 3.800000 
0 0 0 0 0 0
00201426 5 0 0 "Column" ""  0
"H350X350" "A36" 0.000000 0 0
1.000000 0.000000 0.000000 7085.9000 6434.5000 23.3000 7085.9000 6434.5000 27.1000 0.000000 0.000000
0.000000 0.000000
0.0000 0.0000 0.0000 0.0000 0.0000 0.0000
0 0 0 0 0 0 0 0 0 0 0 0
0 ""  0 "11/13/12" "19:20:20" "11/13/12" "20:12:02" 0 0 
0 0 0 0 0 0 0 0 0 0 0 0 
0 0 0.000000 0 0 0.000000 0.000000 
0 0 0 0 0 0
00201427 5 0 0 "Column" ""  0
"H350X350" "A36" 0.000000 0 0
1.000000 0.000000 0.000000 7088.9000 6434.5000 23.3000 7088.9000 6434.5000 27.1000 0.000000 0.000000
0.000000 0.000000
0.0000 0.0000 0.0000 0.0000 0.0000 0.0000
0 0 0 0 0 0 0 0 0 0 0 0
0 ""  0 "11/13/12" "19:20:21" "11/13/12" "20:27:12" 0 0 
0 0 0 0 0 0 0 0 0 0 0 0 
0 0 0.000000 0 0 0.000000 0.000000 
0 0 0 0 0 0
00201428 5 0 0 "Column" ""  0
"H350X350" "A36" 0.000000 0 0
1.000000 0.000000 0.000000 7101.1000 6451.0000 23.3000 7101.1000 6451.0000 27.1000 0.000000 0.000000
0.000000 0.000000
0.0000 0.0000 0.0000 0.0000 0.0000 0.0000
0 0 0 0 0 0 0 0 0 0 0 0
0 ""  0 "11/13/12" "19:20:25" "12/21/12" "13:33:44" 0 0 
0 0 0 0 0 0 0 0 0 0 0 0 
0 0 0.050000 1 0 0.000000 3.800000 
0 0 0 0 0 0
00201429 5 0 0 "Column" ""  0
"H350X350" "A36" 0.000000 0 0
1.000000 0.000000 0.000000 7104.1000 6451.0000 23.3000 7104.1000 6451.0000 34.1900 0.000000 0.000000
0.000000 0.000000
0.0000 0.0000 0.0000 0.0000 0.0000 0.0000
0 0 0 0 0 0 0 0 0 0 0 0
0 ""  0 "11/13/12" "19:20:25" "2/22/13" "22:06:36" 0 0 
0 0 0 0 0 0 0 0 0 0 0 0 
0 0 0.050000 1 0 0.000000 10.890000 
0 0 0 0 0 0
00201430 5 0 0 "Column" ""  0
"H350X350" "A36" 0.000000 0 0
1.000000 0.000000 0.000000 7101.1000 6446.5000 23.3000 7101.1000 6446.5000 27.1000 0.000000 0.000000
0.000000 0.000000
0.0000 0.0000 0.0000 0.0000 0.0000 0.0000
0 0 0 0 0 0 0 0 0 0 0 0
0 ""  0 "11/13/12" "19:20:27" "12/21/12" "13:34:11" 0 0 
0 0 0 0 0 0 0 0 0 0 0 0 
0 0 0.050000 1 0 0.000000 3.800000 
0 0 0 0 0 0
00201431 5 0 0 "Column" ""  0
"H350X350" "A36" 0.000000 0 0
1.000000 0.000000 0.000000 7104.1000 6446.5000 23.3000 7104.1000 6446.5000 34.1900 0.000000 0.000000
0.000000 0.000000
0.0000 0.0000 0.0000 0.0000 0.0000 0.0000
0 0 0 0 0 0 0 0 0 0 0 0
0 ""  0 "11/13/12" "19:20:30" "2/22/13" "22:06:35" 0 0 
0 0 0 0 0 0 0 0 0 0 0 0 
0 0 0.050000 1 0 0.000000 10.890000 
0 0 0 0 0 0
00201432 5 0 0 "Column" ""  0
"H350X350" "A36" 0.000000 0 0
1.000000 0.000000 0.000000 7101.1000 6439.5000 23.3000 7101.1000 6439.5000 27.1000 0.000000 0.000000
0.000000 0.000000
0.0000 0.0000 0.0000 0.0000 0.0000 0.0000
0 0 0 0 0 0 0 0 0 0 0 0
0 ""  0 "11/13/12" "19:20:31" "5/07/13" "15:41:44" 0 0 
0 0 0 0 0 0 0 0 0 0 0 0 
0 0 0.050000 1 0 0.000000 3.800000 
0 0 0 0 0 0
00201433 5 0 0 "Column" ""  0
"H350X350" "A36" 0.000000 0 0
1.000000 0.000000 0.000000 7104.1000 6439.5000 23.3000 7104.1000 6439.5000 34.1900 0.000000 0.000000
0.000000 0.000000
0.0000 0.0000 0.0000 0.0000 0.0000 0.0000
0 0 0 0 0 0 0 0 0 0 0 0
0 ""  0 "11/13/12" "19:20:32" "2/22/13" "22:06:34" 0 0 
0 0 0 0 0 0 0 0 0 0 0 0 
0 0 0.050000 1 0 0.000000 10.890000 
0 0 0 0 0 0
00201434 5 0 0 "Column" ""  0
"H350X350" "A36" 0.000000 0 0
1.000000 0.000000 0.000000 7101.1000 6434.5000 23.3000 7101.1000 6434.5000 27.1000 0.000000 0.000000
0.000000 0.000000
0.0000 0.0000 0.0000 0.0000 0.0000 0.0000
0 0 0 0 0 0 0 0 0 0 0 0
0 ""  0 "11/13/12" "19:20:33" "11/13/12" "20:28:35" 0 0 
0 0 0 0 0 0 0 0 0 0 0 0 
0 0 0.000000 0 0 0.000000 0.000000 
0 0 0 0 0 0
00201435 5 0 0 "Column" ""  0
"H350X350" "A36" 0.000000 0 0
1.000000 0.000000 0.000000 7104.1000 6434.5000 23.3000 7104.1000 6434.5000 27.1000 0.000000 0.000000
0.000000 0.000000
0.0000 0.0000 0.0000 0.0000 0.0000 0.0000
0 0 0 0 0 0 0 0 0 0 0 0
0 ""  0 "11/13/12" "19:20:34" "11/13/12" "20:26:24" 0 0 
0 0 0 0 0 0 0 0 0 0 0 0 
0 0 0.000000 0 0 0.000000 0.000000 
0 0 0 0 0 0
00201436 8 0 0 "Beam" ""  0
"H294X200" "A36" 0.000000 0 0
0.000000 0.000000 1.000000 7101.1000 6451.0000 27.0000 7104.1000 6451.0000 27.0000 0.000000 0.000000
0.000000 0.000000
0.0000 0.0000 0.0000 0.0000 0.0000 0.0000
0 0 0 0 0 0 0 0 0 0 0 0
0 ""  0 "11/13/12" "19:22:41" "4/29/13" "16:39:10" 0 0 
0 0 0 0 0 0 0 0 0 0 0 0 
0 0 0.050000 2 0 0.000000 3.000000 
0 0 0 0 0 0
00201437 8 0 0 "Beam" ""  0
"H588X300" "A36" 0.000000 0 0
0.000000 0.000000 1.000000 7101.1000 6446.5000 27.0000 7104.1000 6446.5000 27.0000 0.000000 0.000000
0.000000 0.000000
0.0000 0.0000 0.0000 0.0000 0.0000 0.0000
0 0 0 0 0 0 0 0 0 0 0 0
0 ""  0 "11/13/12" "19:22:55" "12/20/12" "19:32:56" 0 0 
0 0 0 0 0 0 0 0 0 0 0 0 
0 0 0.050000 2 0 0.000000 3.000000 
0 0 0 0 0 0
00201438 8 0 0 "Beam" ""  0
"H588X300" "A36" 0.000000 0 0
0.000000 0.000000 1.000000 7101.1000 6439.5000 27.0000 7104.1000 6439.5000 27.0000 0.000000 0.000000
0.000000 0.000000
0.0000 0.0000 0.0000 0.0000 0.0000 0.0000
0 0 0 0 0 0 0 0 0 0 0 0
0 ""  0 "11/13/12" "19:23:16" "12/20/12" "19:32:42" 0 0 
0 0 0 0 0 0 0 0 0 0 0 0 
0 0 0.050000 2 0 0.000000 3.000000 
0 0 0 0 0 0
00201439 8 0 0 "Beam" ""  0
"H294X200" "A36" 0.000000 0 0
0.000000 0.000000 1.000000 7101.1000 6434.5000 27.0000 7104.1000 6434.5000 27.0000 0.000000 0.000000
0.000000 0.000000
0.0000 0.0000 0.0000 0.0000 0.0000 0.0000
0 0 0 0 0 0 0 0 0 0 0 0
0 ""  0 "11/13/12" "19:23:19" "4/29/13" "16:40:11" 0 0 
0 0 0 0 0 0 0 0 0 0 0 0 
0 0 0.000000 0 0 0.000000 0.000000 
0 0 0 0 0 0
00201440 8 0 0 "Beam" ""  0
"H300X150" "A36" 0.000000 0 0
0.000000 0.000000 1.000000 7101.1000 6443.0000 27.0000 7104.1000 6443.0000 27.0000 0.000000 0.000000
0.000000 0.000000
0.0000 0.0000 0.0000 0.0000 0.0000 0.0000
0 0 0 0 0 0 0 0 0 0 0 0
0 ""  0 "11/13/12" "19:24:28" "11/13/12" "19:24:34" 0 0 
0 0 0 0 0 0 0 0 0 0 0 0 
0 0 0.000000 0 0 0.000000 0.000000 
0 0 0 0 0 0
00201442 8 0 0 "Beam" ""  0
"H294X200" "A36" 0.000000 0 0
0.000000 0.000000 1.000000 7101.1000 6446.5000 27.0000 7101.1000 6451.0000 27.0000 0.000000 0.000000
0.000000 0.000000
0.0000 0.0000 0.0000 0.0000 0.0000 0.0000
0 0 0 0 0 0 0 0 0 0 0 0
0 ""  0 "11/13/12" "19:24:50" "4/29/13" "16:39:36" 0 0 
0 0 0 0 0 0 0 0 0 0 0 0 
0 0 0.050000 2 0 0.000000 4.500000 
0 0 0 0 0 0
00201443 8 0 0 "Beam" ""  0
"H340X250" "A36" 0.000000 0 0
0.000000 0.000000 1.000000 7104.1000 6446.5000 27.0000 7104.1000 6451.0000 27.0000 0.000000 0.000000
0.000000 0.000000
0.0000 0.0000 0.0000 0.0000 0.0000 0.0000
0 0 0 0 0 0 0 0 0 0 0 0
0 ""  0 "11/13/12" "19:24:55" "4/29/13" "16:47:06" 0 0 
0 0 0 0 0 0 0 0 0 0 0 0 
0 0 0.050000 2 0 0.000000 4.500000 
0 0 0 0 0 0
00201444 8 0 0 "Beam" ""  0
"H350X175" "A36" 0.000000 0 0
0.000000 0.000000 1.000000 7101.1000 6439.5000 27.0000 7101.1000 6446.5000 27.0000 0.000000 0.000000
0.000000 0.000000
0.0000 0.0000 0.0000 0.0000 0.0000 0.0000
0 0 0 0 0 0 0 0 0 0 0 0
0 ""  0 "11/13/12" "19:25:13" "12/20/12" "19:32:52" 0 0 
0 0 0 0 0 0 0 0 0 0 0 0 
0 0 0.050000 2 0 0.000000 7.000000 
0 0 0 0 0 0
00201445 8 0 0 "Beam" ""  0
"H350X175" "A36" 0.000000 0 0
0.000000 0.000000 1.000000 7104.1000 6439.5000 27.0000 7104.1000 6446.5000 27.0000 0.000000 0.000000
0.000000 0.000000
0.0000 0.0000 0.0000 0.0000 0.0000 0.0000
0 0 0 0 0 0 0 0 0 0 0 0
0 ""  0 "11/13/12" "19:25:16" "12/20/12" "19:32:53" 0 0 
0 0 0 0 0 0 0 0 0 0 0 0 
0 0 0.050000 2 0 0.000000 7.000000 
0 0 0 0 0 0
00201446 8 0 0 "Beam" ""  0
"H300X150" "A36" 0.000000 0 0
0.000000 0.000000 1.000000 7101.1000 6434.5000 27.0000 7101.1000 6439.5000 27.0000 0.000000 0.000000
0.000000 0.000000
0.0000 0.0000 0.0000 0.0000 0.0000 0.0000
0 0 0 0 0 0 0 0 0 0 0 0
0 ""  0 "11/13/12" "19:25:41" "11/13/12" "19:30:16" 0 0 
0 0 0 0 0 0 0 0 0 0 0 0 
0 0 0.000000 0 0 0.000000 0.000000 
0 0 0 0 0 0
00201447 8 0 0 "Beam" ""  0
"H340X250" "A36" 0.000000 0 0
0.000000 0.000000 1.000000 7104.1000 6434.5000 27.0000 7104.1000 6439.5000 27.0000 0.000000 0.000000
0.000000 0.000000
0.0000 0.0000 0.0000 0.0000 0.0000 0.0000
0 0 0 0 0 0 0 0 0 0 0 0
0 ""  0 "11/13/12" "19:25:43" "4/29/13" "16:47:04" 0 0 
0 0 0 0 0 0 0 0 0 0 0 0 
0 0 0.000000 0 0 0.000000 0.000000 
0 0 0 0 0 0
00201448 8 0 0 "Beam" ""  0
"H300X150" "A36" 0.000000 0 0
0.000000 0.000000 1.000000 7101.1000 6448.7500 27.0000 7104.1000 6448.7500 27.0000 0.000000 0.000000
0.000000 0.000000
0.0000 0.0000 0.0000 0.0000 0.0000 0.0000
0 0 0 0 0 0 0 0 0 0 0 0
0 ""  0 "11/13/12" "19:26:05" "11/13/12" "19:30:13" 0 0 
0 0 0 0 0 0 0 0 0 0 0 0 
0 0 0.000000 0 0 0.000000 0.000000 
0 0 0 0 0 0
00201449 8 0 0 "Beam" ""  0
"H300X150" "A36" 0.000000 0 0
0.000000 0.000000 1.000000 7101.1000 6437.0000 27.0000 7104.1000 6437.0000 27.0000 0.000000 0.000000
0.000000 0.000000
0.0000 0.0000 0.0000 0.0000 0.0000 0.0000
0 0 0 0 0 0 0 0 0 0 0 0
0 ""  0 "11/13/12" "19:26:22" "11/13/12" "19:26:22" 0 0 
0 0 0 0 0 0 0 0 0 0 0 0 
0 0 0.000000 0 0 0.000000 0.000000 
0 0 0 0 0 0
00201450 8 0 0 "Beam" ""  0
"H194X150" "A36" 0.000000 0 0
0.000000 0.000000 1.000000 7102.2500 6434.5000 27.0000 7102.2500 6437.0000 27.0000 0.000000 0.000000
0.000000 0.000000
0.0000 0.0000 0.0000 0.0000 0.0000 0.0000
0 0 0 0 0 0 0 0 0 0 0 0
0 ""  0 "11/13/12" "19:26:37" "11/13/12" "19:50:41" 0 0 
0 0 0 0 0 0 0 0 0 0 0 0 
0 0 0.000000 0 0 0.000000 0.000000 
0 0 0 0 0 0
00201451 8 0 0 "Beam" ""  0
"H194X150" "A36" 0.000000 0 0
0.000000 0.000000 1.000000 7102.2500 6437.0000 27.0000 7102.2500 6439.5000 27.0000 0.000000 0.000000
0.000000 0.000000
0.0000 0.0000 0.0000 0.0000 0.0000 0.0000
0 0 0 0 0 0 0 0 0 0 0 0
0 ""  0 "11/13/12" "19:26:40" "11/13/12" "19:50:38" 0 0 
0 0 0 0 0 0 0 0 0 0 0 0 
0 0 0.000000 0 0 0.000000 0.000000 
0 0 0 0 0 0
00201452 8 0 0 "Beam" ""  0
"H194X150" "A36" 0.000000 0 0
0.000000 0.000000 1.000000 7102.9500 6434.5000 27.0000 7102.9500 6437.0000 27.0000 0.000000 0.000000
0.000000 0.000000
0.0000 0.0000 0.0000 0.0000 0.0000 0.0000
0 0 0 0 0 0 0 0 0 0 0 0
0 ""  0 "11/13/12" "19:26:43" "11/13/12" "19:50:47" 0 0 
0 0 0 0 0 0 0 0 0 0 0 0 
0 0 0.000000 0 0 0.000000 0.000000 
0 0 0 0 0 0
00201453 8 0 0 "Beam" ""  0
"H194X150" "A36" 0.000000 0 0
0.000000 0.000000 1.000000 7102.9500 6437.0000 27.0000 7102.9500 6439.5000 27.0000 0.000000 0.000000
0.000000 0.000000
0.0000 0.0000 0.0000 0.0000 0.0000 0.0000
0 0 0 0 0 0 0 0 0 0 0 0
0 ""  0 "11/13/12" "19:26:45" "11/13/12" "19:50:44" 0 0 
0 0 0 0 0 0 0 0 0 0 0 0 
0 0 0.000000 0 0 0.000000 0.000000 
0 0 0 0 0 0
00201454 8 0 0 "Beam" ""  0
"H194X150" "A36" 0.000000 0 0
0.000000 0.000000 1.000000 7102.2500 6446.6500 26.8800 7102.2500 6448.7500 27.0000 0.000000 0.000000
0.000000 0.000000
0.0000 0.0000 0.0000 0.0000 0.0000 0.0000
0 0 0 0 0 0 0 0 0 0 0 0
0 ""  0 "11/13/12" "19:26:53" "11/13/12" "19:50:07" 0 0 
0 0 0 0 0 0 0 0 0 0 0 0 
0 0 0.000000 0 0 0.000000 0.000000 
0 0 0 0 0 0
00201455 8 0 0 "Beam" ""  0
"H194X150" "A36" 0.000000 0 0
0.000000 0.000000 1.000000 7102.2500 6448.7500 27.0000 7102.2500 6451.0000 27.0000 0.000000 0.000000
0.000000 0.000000
0.0000 0.0000 0.0000 0.0000 0.0000 0.0000
0 0 0 0 0 0 0 0 0 0 0 0
0 ""  0 "11/13/12" "19:26:59" "11/13/12" "19:42:09" 0 0 
0 0 0 0 0 0 0 0 0 0 0 0 
0 0 0.000000 0 0 0.000000 0.000000 
0 0 0 0 0 0
00201456 8 0 0 "Beam" ""  0
"H194X150" "A36" 0.000000 0 0
0.000000 0.000000 1.000000 7102.9500 6446.5000 27.0000 7102.9500 6448.7500 27.0000 0.000000 0.000000
0.000000 0.000000
0.0000 0.0000 0.0000 0.0000 0.0000 0.0000
0 0 0 0 0 0 0 0 0 0 0 0
0 ""  0 "11/13/12" "19:27:06" "11/13/12" "19:49:30" 0 0 
0 0 0 0 0 0 0 0 0 0 0 0 
0 0 0.000000 0 0 0.000000 0.000000 
0 0 0 0 0 0
00201457 8 0 0 "Beam" ""  0
"H194X150" "A36" 0.000000 0 0
0.000000 0.000000 1.000000 7102.9500 6448.7500 27.0000 7102.9500 6451.0000 27.0000 0.000000 0.000000
0.000000 0.000000
0.0000 0.0000 0.0000 0.0000 0.0000 0.0000
0 0 0 0 0 0 0 0 0 0 0 0
0 ""  0 "11/13/12" "19:27:06" "11/13/12" "19:49:26" 0 0 
0 0 0 0 0 0 0 0 0 0 0 0 
0 0 0.000000 0 0 0.000000 0.000000 
0 0 0 0 0 0
00201459 8 0 0 "Hbrace" ""  0
"T150X150" "A36" 0.000000 0 0
0.000000 0.000000 1.000000 7101.1000 6450.6750 26.8800 7102.2500 6448.9500 26.8800 0.000000 0.000000
0.000000 0.000000
0.0000 0.0000 0.0000 0.0000 0.0000 0.0000
0 0 0 0 0 0 0 0 0 0 0 0
0 ""  0 "11/13/12" "19:28:17" "2/22/13" "22:08:23" 0 0 
0 0 0 0 0 0 0 0 0 0 0 0 
0 0 0.000000 0 0 0.000000 0.000000 
0 0 0 0 0 0
00201461 8 0 0 "Hbrace" ""  0
"T150X150" "A36" 0.000000 0 0
0.000000 0.000000 1.000000 7101.1000 6446.8250 26.8800 7102.2500 6448.5500 26.8800 0.000000 0.000000
0.000000 0.000000
0.0000 0.0000 0.0000 0.0000 0.0000 0.0000
0 0 0 0 0 0 0 0 0 0 0 0
0 ""  0 "11/13/12" "19:29:11" "2/22/13" "22:07:48" 0 0 
0 0 0 0 0 0 0 0 0 0 0 0 
0 0 0.000000 0 0 0.000000 0.000000 
0 0 0 0 0 0
00201463 8 0 0 "Hbrace" ""  0
"T150X150" "A36" 0.000000 0 0
0.000000 0.000000 1.000000 7102.9500 6448.9500 26.8800 7104.1000 6450.6750 26.8800 0.000000 0.000000
0.000000 0.000000
0.0000 0.0000 0.0000 0.0000 0.0000 0.0000
0 0 0 0 0 0 0 0 0 0 0 0
0 ""  0 "11/13/12" "19:30:05" "2/22/13" "22:08:25" 0 0 
0 0 0 0 0 0 0 0 0 0 0 0 
0 0 0.000000 0 0 0.000000 0.000000 
0 0 0 0 0 0
00201466 8 0 0 "Hbrace" ""  0
"T150X150" "A36" 0.000000 0 0
0.000000 0.000000 1.000000 7102.9500 6448.5500 26.8800 7104.1000 6446.8250 26.7900 0.000000 0.000000
0.000000 0.000000
0.0000 0.0000 0.0000 0.0000 0.0000 0.0000
0 0 0 0 0 0 0 0 0 0 0 0
0 ""  0 "11/13/12" "19:30:45" "2/22/13" "22:07:51" 0 0 
0 0 0 0 0 0 0 0 0 0 0 0 
0 0 0.000000 0 0 0.000000 0.000000 
0 0 0 0 0 0
00201467 8 0 0 "Hbrace" ""  0
"T150X150" "A36" 0.000000 0 0
0.000000 0.000000 1.000000 7101.1000 6439.1750 26.7900 7102.2500 6437.2000 26.8800 0.000000 0.000000
0.000000 0.000000
0.0000 0.0000 0.0000 0.0000 0.0000 0.0000
0 0 0 0 0 0 0 0 0 0 0 0
0 ""  0 "11/13/12" "19:31:49" "2/22/13" "22:08:16" 0 0 
0 0 0 0 0 0 0 0 0 0 0 0 
0 0 0.000000 0 0 0.000000 0.000000 
0 0 0 0 0 0
00201470 8 0 0 "Hbrace" ""  0
"T150X150" "A36" 0.000000 0 0
0.000000 0.000000 1.000000 7101.1000 6434.8250 26.7900 7102.2500 6436.8000 26.8800 0.000000 0.000000
0.000000 0.000000
0.0000 0.0000 0.0000 0.0000 0.0000 0.0000
0 0 0 0 0 0 0 0 0 0 0 0
0 ""  0 "11/13/12" "19:32:19" "2/22/13" "22:07:55" 0 0 
0 0 0 0 0 0 0 0 0 0 0 0 
0 0 0.000000 0 0 0.000000 0.000000 
0 0 0 0 0 0
00201471 8 0 0 "Hbrace" ""  0
"T150X150" "A36" 0.000000 0 0
0.000000 0.000000 1.000000 7102.9500 6437.2000 26.8800 7104.1000 6439.1750 26.7900 0.000000 0.000000
0.000000 0.000000
0.0000 0.0000 0.0000 0.0000 0.0000 0.0000
0 0 0 0 0 0 0 0 0 0 0 0
0 ""  0 "11/13/12" "19:32:39" "2/22/13" "22:08:14" 0 0 
0 0 0 0 0 0 0 0 0 0 0 0 
0 0 0.000000 0 0 0.000000 0.000000 
0 0 0 0 0 0
00201474 8 0 0 "Hbrace" ""  0
"T150X150" "A36" 0.000000 0 0
0.000000 0.000000 1.000000 7102.9500 6436.8000 26.8800 7104.1000 6434.8250 26.7900 0.000000 0.000000
0.000000 0.000000
0.0000 0.0000 0.0000 0.0000 0.0000 0.0000
0 0 0 0 0 0 0 0 0 0 0 0
0 ""  0 "11/13/12" "19:32:48" "2/22/13" "22:07:57" 0 0 
0 0 0 0 0 0 0 0 0 0 0 0 
0 0 0.000000 0 0 0.000000 0.000000 
0 0 0 0 0 0
00201475 8 0 0 "Beam" ""  0
"H300X150" "A36" 0.000000 0 0
0.000000 0.000000 1.000000 7101.1000 6451.0000 27.0000 7101.1000 6452.2000 27.0000 0.000000 0.000000
0.000000 0.000000
0.0000 0.0000 0.0000 0.0000 0.0000 0.0000
0 0 0 0 0 0 0 0 0 0 0 0
0 ""  0 "11/13/12" "19:38:11" "11/13/12" "19:38:40" 0 0 
0 0 0 0 0 0 0 0 0 0 0 0 
0 0 0.000000 0 0 0.000000 0.000000 
0 0 0 0 0 0
00201476 8 0 0 "Beam" ""  0
"H300X150" "A36" 0.000000 0 0
0.000000 0.000000 1.000000 7104.1000 6451.0000 27.0000 7104.1000 6452.2000 27.0000 0.000000 0.000000
0.000000 0.000000
0.0000 0.0000 0.0000 0.0000 0.0000 0.0000
0 0 0 0 0 0 0 0 0 0 0 0
0 ""  0 "11/13/12" "19:38:18" "11/13/12" "19:38:41" 0 0 
0 0 0 0 0 0 0 0 0 0 0 0 
0 0 0.000000 0 0 0.000000 0.000000 
0 0 0 0 0 0
00201477 8 0 0 "Beam" ""  0
"H300X150" "A36" 0.000000 0 0
0.000000 0.000000 1.000000 7100.1000 6452.2000 27.0000 7105.6000 6452.2000 27.0000 0.000000 0.000000
0.000000 0.000000
0.0000 0.0000 0.0000 0.0000 0.0000 0.0000
0 0 0 0 0 0 0 0 0 0 0 0
0 ""  0 "11/13/12" "19:38:51" "12/20/12" "19:51:34" 0 0 
0 0 0 0 0 0 0 0 0 0 0 0 
0 0 0.000000 0 0 0.000000 0.000000 
0 0 0 0 0 0
00201479 8 0 0 "Beam" ""  0
"H300X150" "A36" 0.000000 0 0
0.000000 0.000000 1.000000 7101.1000 6451.0000 27.0000 7100.1000 6451.0000 27.0000 0.000000 0.000000
0.000000 0.000000
0.0000 0.0000 0.0000 0.0000 0.0000 0.0000
0 0 0 0 0 0 0 0 0 0 0 0
0 ""  0 "11/13/12" "19:39:26" "12/20/12" "19:52:21" 0 0 
0 0 0 0 0 0 0 0 0 0 0 0 
0 0 0.000000 0 0 0.000000 0.000000 
0 0 0 0 0 0
00201480 8 0 0 "Beam" ""  0
"H300X150" "A36" 0.000000 0 0
0.000000 0.000000 1.000000 7100.1000 6446.5000 27.0000 7100.1000 6452.3000 27.0000 0.000000 0.000000
0.000000 0.000000
0.0000 0.0000 0.0000 0.0000 0.0000 0.0000
0 0 0 0 0 0 0 0 0 0 0 0
0 ""  0 "11/13/12" "19:39:33" "12/20/12" "19:52:17" 0 0 
0 0 0 0 0 0 0 0 0 0 0 0 
0 0 0.000000 0 0 0.000000 0.000000 
0 0 0 0 0 0
00201481 8 0 0 "Beam" ""  0
"H350X175" "A36" 0.000000 0 0
0.000000 0.000000 1.000000 7101.1000 6446.5000 27.0000 7100.0000 6446.5000 27.0000 0.000000 0.000000
0.000000 0.000000
0.0000 0.0000 0.0000 0.0000 0.0000 0.0000
0 0 0 0 0 0 0 0 0 0 0 0
0 ""  0 "11/13/12" "19:39:38" "11/13/12" "19:43:48" 0 0 
0 0 0 0 0 0 0 0 0 0 0 0 
0 0 0.000000 0 0 0.000000 0.000000 
0 0 0 0 0 0
00201482 8 0 0 "Beam" ""  0
"H350X175" "A36" 0.000000 0 0
0.000000 0.000000 1.000000 7101.1000 6439.5000 27.0000 7100.0000 6439.5000 27.0000 0.000000 0.000000
0.000000 0.000000
0.0000 0.0000 0.0000 0.0000 0.0000 0.0000
0 0 0 0 0 0 0 0 0 0 0 0
0 ""  0 "11/13/12" "19:40:03" "11/13/12" "19:43:49" 0 0 
0 0 0 0 0 0 0 0 0 0 0 0 
0 0 0.000000 0 0 0.000000 0.000000 
0 0 0 0 0 0
00201483 8 0 0 "Beam" ""  0
"H350X175" "A36" 0.000000 0 0
0.000000 0.000000 1.000000 7100.1000 6439.5000 27.0000 7100.1000 6446.5000 27.0000 0.000000 0.000000
0.000000 0.000000
0.0000 0.0000 0.0000 0.0000 0.0000 0.0000
0 0 0 0 0 0 0 0 0 0 0 0
0 ""  0 "11/13/12" "19:40:07" "11/13/12" "19:40:07" 0 0 
0 0 0 0 0 0 0 0 0 0 0 0 
0 0 0.000000 0 0 0.000000 0.000000 
0 0 0 0 0 0
00201485 8 0 0 "Beam" ""  0
"H300X150" "A36" 0.000000 0 0
0.000000 0.000000 1.000000 7101.1000 6434.5000 27.0000 7100.1000 6434.5000 27.0000 0.000000 0.000000
0.000000 0.000000
0.0000 0.0000 0.0000 0.0000 0.0000 0.0000
0 0 0 0 0 0 0 0 0 0 0 0
0 ""  0 "11/13/12" "19:40:45" "12/20/12" "19:45:34" 0 0 
0 0 0 0 0 0 0 0 0 0 0 0 
0 0 0.000000 0 0 0.000000 0.000000 
0 0 0 0 0 0
00201486 8 0 0 "Beam" ""  0
"H300X150" "A36" 0.000000 0 0
0.000000 0.000000 1.000000 7100.1000 6433.2000 27.0000 7100.1000 6439.5000 27.0000 0.000000 0.000000
0.000000 0.000000
0.0000 0.0000 0.0000 0.0000 0.0000 0.0000
0 0 0 0 0 0 0 0 0 0 0 0
0 ""  0 "11/13/12" "19:40:49" "12/20/12" "19:45:25" 0 0 
0 0 0 0 0 0 0 0 0 0 0 0 
0 0 0.000000 0 0 0.000000 0.000000 
0 0 0 0 0 0
00201489 7 0 0 "Beam" ""  0
"C150X75" "A36" 0.000000 0 0
0.000000 0.000000 1.000000 7084.4000 6451.6000 27.0000 7085.9000 6451.6000 27.0000 0.000000 0.000000
0.000000 0.000000
-0.0000 0.0000 0.0000 -0.0000 0.0000 0.0000
0 0 0 0 0 0 0 0 0 0 0 0
0 ""  0 "11/13/12" "19:45:15" "12/20/12" "19:53:39" 0 0 
0 0 0 0 0 0 0 0 0 0 0 0 
0 0 0.000000 0 0 0.000000 0.000000 
0 0 0 0 0 0
00201490 8 0 0 "Beam" ""  0
"H300X150" "A36" 0.000000 0 0
0.000000 0.000000 1.000000 7104.1000 6451.0000 27.0000 7105.6000 6451.0000 27.0000 0.000000 0.000000
0.000000 0.000000
0.0000 0.0000 0.0000 0.0000 0.0000 0.0000
0 0 0 0 0 0 0 0 0 0 0 0
0 ""  0 "11/13/12" "19:46:04" "12/20/12" "19:52:05" 0 0 
0 0 0 0 0 0 0 0 0 0 0 0 
0 0 0.000000 0 0 0.000000 0.000000 
0 0 0 0 0 0
00201492 8 0 0 "Beam" ""  0
"H300X150" "A36" 0.000000 0 0
0.000000 0.000000 1.000000 7105.6000 6446.5000 27.0000 7105.6000 6452.3000 27.0000 0.000000 0.000000
0.000000 0.000000
0.0000 0.0000 0.0000 0.0000 0.0000 0.0000
0 0 0 0 0 0 0 0 0 0 0 0
0 ""  0 "11/13/12" "19:46:33" "12/20/12" "19:52:10" 0 0 
0 0 0 0 0 0 0 0 0 0 0 0 
0 0 0.000000 0 0 0.000000 0.000000 
0 0 0 0 0 0
00201493 8 0 0 "Beam" ""  0
"H350X175" "A36" 0.000000 0 0
0.000000 0.000000 1.000000 7104.1000 6446.5000 27.0000 7105.7000 6446.5000 27.0000 0.000000 0.000000
0.000000 0.000000
0.0000 0.0000 0.0000 0.0000 0.0000 0.0000
0 0 0 0 0 0 0 0 0 0 0 0
0 ""  0 "11/13/12" "19:46:37" "11/13/12" "19:47:41" 0 0 
0 0 0 0 0 0 0 0 0 0 0 0 
0 0 0.000000 0 0 0.000000 0.000000 
0 0 0 0 0 0
00201494 8 0 0 "Beam" ""  0
"H194X150" "A36" 0.000000 0 0
0.000000 0.000000 1.000000 7104.1000 6448.7500 27.0000 7105.6000 6448.7500 27.0000 0.000000 0.000000
0.000000 0.000000
-0.0000 0.0000 0.0000 -0.0000 0.0000 0.0000
0 0 0 0 0 0 0 0 0 0 0 0
0 ""  0 "11/13/12" "19:46:46" "11/13/12" "20:15:35" 0 0 
0 0 0 0 0 0 0 0 0 0 0 0 
0 0 0.000000 0 0 0.000000 0.000000 
0 0 0 0 0 0
00201495 7 0 0 "Beam" ""  0
"C150X75" "A36" 0.000000 0 0
0.000000 0.000000 1.000000 7104.8500 6448.7500 27.0000 7104.8500 6451.0000 27.0000 0.000000 0.000000
0.000000 0.000000
-0.0000 0.0000 0.0000 -0.0000 0.0000 0.0000
0 0 0 0 0 0 0 0 0 0 0 0
0 ""  0 "11/13/12" "19:47:03" "12/20/12" "19:51:19" 0 0 
0 0 0 0 0 0 0 0 0 0 0 0 
0 0 0.000000 0 0 0.000000 0.000000 
0 0 0 0 0 0
00201498 7 0 0 "Beam" ""  0
"C150X75" "A36" 0.000000 0 0
0.000000 0.000000 1.000000 7104.8500 6446.5000 27.0000 7104.8500 6448.7500 27.0000 0.000000 0.000000
0.000000 0.000000
-0.0000 0.0000 0.0000 -0.0000 0.0000 0.0000
0 0 0 0 0 0 0 0 0 0 0 0
0 ""  0 "11/13/12" "19:47:12" "12/20/12" "19:51:02" 0 0 
0 0 0 0 0 0 0 0 0 0 0 0 
0 0 0.000000 0 0 0.000000 0.000000 
0 0 0 0 0 0
00201499 8 0 0 "Beam" ""  0
"H350X175" "A36" 0.000000 0 0
0.000000 0.000000 1.000000 7104.1000 6439.5000 27.0000 7106.2000 6439.5000 27.0000 0.000000 0.000000
0.000000 0.000000
0.0000 0.0000 0.0000 0.0000 0.0000 0.0000
0 0 0 0 0 0 0 0 0 0 0 0
0 ""  0 "11/13/12" "19:47:44" "5/07/13" "15:48:03" 0 0 
0 0 0 0 0 0 0 0 0 0 0 0 
0 0 0.000000 0 0 0.000000 0.000000 
0 0 0 0 0 0
00201500 8 0 0 "Beam" ""  0
"H350X175" "A36" 0.000000 0 0
0.000000 0.000000 1.000000 7105.6000 6439.5000 27.0000 7105.6000 6446.5000 27.0000 0.000000 0.000000
0.000000 0.000000
0.0000 0.0000 0.0000 0.0000 0.0000 0.0000
0 0 0 0 0 0 0 0 0 0 0 0
0 ""  0 "11/13/12" "19:47:59" "11/13/12" "19:47:59" 0 0 
0 0 0 0 0 0 0 0 0 0 0 0 
0 0 0.000000 0 0 0.000000 0.000000 
0 0 0 0 0 0
00201502 7 0 0 "Beam" ""  0
"C150X75" "A36" 0.000000 0 0
0.000000 0.000000 1.000000 7104.8500 6443.0000 27.0000 7104.8500 6446.5000 27.0000 0.000000 0.000000
0.000000 0.000000
-0.0000 0.0000 0.0000 -0.0000 0.0000 0.0000
0 0 0 0 0 0 0 0 0 0 0 0
0 ""  0 "11/13/12" "19:48:20" "12/20/12" "19:50:54" 0 0 
0 0 0 0 0 0 0 0 0 0 0 0 
0 0 0.000000 0 0 0.000000 0.000000 
0 0 0 0 0 0
00201505 7 0 0 "Beam" ""  0
"C150X75" "A36" 0.000000 0 0
0.000000 0.000000 1.000000 7100.1000 6443.0000 27.0000 7101.1000 6443.0000 27.0000 0.000000 0.000000
0.000000 0.000000
-0.0000 0.0000 0.0000 -0.0000 0.0000 0.0000
0 0 0 0 0 0 0 0 0 0 0 0
0 ""  0 "11/13/12" "19:48:28" "12/20/12" "19:48:49" 0 0 
0 0 0 0 0 0 0 0 0 0 0 0 
0 0 0.000000 0 0 0.000000 0.000000 
0 0 0 0 0 0
00201507 7 0 0 "Beam" ""  0
"C150X75" "A36" 0.000000 0 0
0.000000 0.000000 1.000000 7104.8500 6439.5000 27.0000 7104.8500 6443.0000 27.0000 0.000000 0.000000
0.000000 0.000000
-0.0000 0.0000 0.0000 -0.0000 0.0000 0.0000
0 0 0 0 0 0 0 0 0 0 0 0
0 ""  0 "11/13/12" "19:48:32" "12/20/12" "19:50:32" 0 0 
0 0 0 0 0 0 0 0 0 0 0 0 
0 0 0.000000 0 0 0.000000 0.000000 
0 0 0 0 0 0
00201508 8 0 0 "Beam" ""  0
"H194X150" "A36" 0.000000 0 0
0.000000 0.000000 1.000000 7105.6000 6443.0000 27.0000 7104.1000 6443.0000 27.0000 0.000000 0.000000
0.000000 0.000000
0.0000 0.0000 0.0000 0.0000 0.0000 0.0000
0 0 0 0 0 0 0 0 0 0 0 0
0 ""  0 "11/13/12" "19:48:43" "11/13/12" "19:48:47" 0 0 
0 0 0 0 0 0 0 0 0 0 0 0 
0 0 0.000000 0 0 0.000000 0.000000 
0 0 0 0 0 0
00201509 8 0 0 "Beam" ""  0
"H350X175" "A36" 0.000000 0 0
0.000000 0.000000 1.000000 7104.1000 6434.5000 27.0000 7105.6000 6434.5000 27.0000 0.000000 0.000000
0.000000 0.000000
0.0000 0.0000 0.0000 0.0000 0.0000 0.0000
0 0 0 0 0 0 0 0 0 0 0 0
0 ""  0 "11/13/12" "19:51:23" "12/20/12" "19:45:39" 0 0 
0 0 0 0 0 0 0 0 0 0 0 0 
0 0 0.000000 0 0 0.000000 0.000000 
0 0 0 0 0 0
00201510 8 0 0 "Beam" ""  0
"H300X150" "A36" 0.000000 0 0
0.000000 0.000000 1.000000 7105.6000 6433.2000 27.0000 7105.6000 6439.5000 27.0000 0.000000 0.000000
0.000000 0.000000
0.0000 0.0000 0.0000 0.0000 0.0000 0.0000
0 0 0 0 0 0 0 0 0 0 0 0
0 ""  0 "11/13/12" "19:51:37" "12/20/12" "19:45:42" 0 0 
0 0 0 0 0 0 0 0 0 0 0 0 
0 0 0.000000 0 0 0.000000 0.000000 
0 0 0 0 0 0
00201511 8 0 0 "Beam" ""  0
"H194X150" "A36" 0.000000 0 0
0.000000 0.000000 1.000000 7105.6000 6437.0000 27.0000 7104.1000 6437.0000 27.0000 0.000000 0.000000
0.000000 0.000000
0.0000 0.0000 0.0000 0.0000 0.0000 0.0000
0 0 0 0 0 0 0 0 0 0 0 0
0 ""  0 "11/13/12" "19:51:48" "11/13/12" "19:51:48" 0 0 
0 0 0 0 0 0 0 0 0 0 0 0 
0 0 0.000000 0 0 0.000000 0.000000 
0 0 0 0 0 0
00201514 7 0 0 "Beam" ""  0
"C150X75" "A36" 0.000000 0 0
0.000000 0.000000 1.000000 7104.8500 6438.4100 27.0000 7104.8500 6439.5000 27.0000 0.000000 0.000000
0.000000 0.000000
-0.0000 0.0000 0.0000 -0.0000 0.0000 0.0000
0 0 0 0 0 0 0 0 0 0 0 0
0 ""  0 "11/13/12" "19:52:20" "4/29/13" "16:53:59" 0 0 
0 0 0 0 0 0 0 0 0 0 0 0 
0 0 0.000000 0 0 0.000000 0.000000 
0 0 0 0 0 0
00201515 7 0 0 "Beam" ""  0
"C150X75" "A36" 0.000000 0 0
0.000000 0.000000 1.000000 7104.8500 6434.5000 27.0000 7104.8500 6437.0000 27.0000 0.000000 0.000000
0.000000 0.000000
-0.0000 0.0000 0.0000 -0.0000 0.0000 0.0000
0 0 0 0 0 0 0 0 0 0 0 0
0 ""  0 "11/13/12" "19:52:24" "12/20/12" "19:49:35" 0 0 
0 0 0 0 0 0 0 0 0 0 0 0 
0 0 0.000000 0 0 0.000000 0.000000 
0 0 0 0 0 0
00201516 7 0 0 "Beam" ""  0
"C150X75" "A36" 0.000000 0 1
0.000000 0.000000 1.000000 7105.6000 6434.5000 27.0000 7106.5000 6434.5000 27.0000 0.000000 0.000000
0.000000 0.000000
-0.0000 0.0000 0.0000 -0.0000 0.0000 0.0000
0 0 0 0 0 0 0 0 0 0 0 0
0 ""  0 "11/13/12" "19:52:26" "12/21/12" "11:38:10" 0 0 
0 0 0 0 0 0 0 0 0 0 0 0 
0 0 0.000000 0 0 0.000000 0.000000 
0 0 0 0 0 0
00201517 8 0 0 "Beam" ""  0
"H194X150" "A36" 0.000000 0 0
0.000000 0.000000 1.000000 7101.1000 6437.5000 27.0000 7100.1000 6437.5000 27.0000 0.000000 0.000000
0.000000 0.000000
0.0000 0.0000 0.0000 0.0000 0.0000 0.0000
0 0 0 0 0 0 0 0 0 0 0 0
0 ""  0 "11/13/12" "19:52:41" "11/13/12" "19:52:51" 0 0 
0 0 0 0 0 0 0 0 0 0 0 0 
0 0 0.000000 0 0 0.000000 0.000000 
0 0 0 0 0 0
00201521 8 0 0 "Beam" ""  0
"H194X150" "A36" 0.000000 0 0
0.000000 0.000000 1.000000 7101.1000 6448.5000 27.0000 7100.1000 6448.5000 27.0000 0.000000 0.000000
0.000000 0.000000
0.0000 0.0000 0.0000 0.0000 0.0000 0.0000
0 0 0 0 0 0 0 0 0 0 0 0
0 ""  0 "11/13/12" "19:53:50" "11/13/12" "19:53:50" 0 0 
0 0 0 0 0 0 0 0 0 0 0 0 
0 0 0.000000 0 0 0.000000 0.000000 
0 0 0 0 0 0
00201595 7 0 0 "Beam" ""  0
"C150X75" "A36" 0.000000 0 0
0.000000 0.000000 1.000000 7100.1000 6451.6000 27.0000 7101.1000 6451.6000 27.0000 0.000000 0.000000
0.000000 0.000000
-0.0000 0.0000 0.0000 -0.0000 0.0000 0.0000
0 0 0 0 0 0 0 0 0 0 0 0
0 ""  0 "11/13/12" "20:03:46" "12/20/12" "19:54:53" 0 0 
0 0 0 0 0 0 0 0 0 0 0 0 
0 0 0.000000 0 0 0.000000 0.000000 
0 0 0 0 0 0
00201596 7 0 0 "Beam" ""  0
"C150X75" "A36" 0.000000 0 0
0.000000 0.000000 1.000000 7101.1000 6451.6000 27.0000 7104.1000 6451.6000 27.0000 0.000000 0.000000
0.000000 0.000000
-0.0000 0.0000 0.0000 -0.0000 0.0000 0.0000
0 0 0 0 0 0 0 0 0 0 0 0
0 ""  0 "11/13/12" "20:03:56" "12/20/12" "19:54:57" 0 0 
0 0 0 0 0 0 0 0 0 0 0 0 
0 0 0.000000 0 0 0.000000 0.000000 
0 0 0 0 0 0
00201608 8 0 0 "Beam" ""  0
"H294X200" "A36" 0.000000 0 0
0.000000 0.000000 1.000000 7085.9000 6451.0000 27.0000 7088.9000 6451.0000 27.0000 0.000000 0.000000
0.000000 0.000000
0.0000 0.0000 0.0000 0.0000 0.0000 0.0000
0 0 0 0 0 0 0 0 0 0 0 0
0 ""  0 "11/13/12" "20:08:26" "4/29/13" "16:39:09" 0 0 
0 0 0 0 0 0 0 0 0 0 0 0 
0 0 0.050000 2 0 0.000000 3.000000 
0 0 0 0 0 0
00201609 8 0 0 "Beam" ""  0
"H588X300" "A36" 0.000000 0 0
0.000000 0.000000 1.000000 7085.9000 6446.5000 27.0000 7088.9000 6446.5000 27.0000 0.000000 0.000000
0.000000 0.000000
0.0000 0.0000 0.0000 0.0000 0.0000 0.0000
0 0 0 0 0 0 0 0 0 0 0 0
0 ""  0 "11/13/12" "20:08:26" "12/20/12" "19:31:01" 0 0 
0 0 0 0 0 0 0 0 0 0 0 0 
0 0 0.050000 2 0 0.000000 3.000000 
0 0 0 0 0 0
00201610 8 0 0 "Beam" ""  0
"H588X300" "A36" 0.000000 0 0
0.000000 0.000000 1.000000 7085.9000 6439.5000 27.0000 7088.9000 6439.5000 27.0000 0.000000 0.000000
0.000000 0.000000
0.0000 0.0000 0.0000 0.0000 0.0000 0.0000
0 0 0 0 0 0 0 0 0 0 0 0
0 ""  0 "11/13/12" "20:08:26" "12/20/12" "19:32:38" 0 0 
0 0 0 0 0 0 0 0 0 0 0 0 
0 0 0.050000 2 0 0.000000 3.000000 
0 0 0 0 0 0
00201611 8 0 0 "Beam" ""  0
"H294X200" "A36" 0.000000 0 0
0.000000 0.000000 1.000000 7085.9000 6434.5000 27.0000 7088.9000 6434.5000 27.0000 0.000000 0.000000
0.000000 0.000000
0.0000 0.0000 0.0000 0.0000 0.0000 0.0000
0 0 0 0 0 0 0 0 0 0 0 0
0 ""  0 "11/13/12" "20:08:26" "4/29/13" "16:40:10" 0 0 
0 0 0 0 0 0 0 0 0 0 0 0 
0 0 0.000000 0 0 0.000000 0.000000 
0 0 0 0 0 0
00201612 8 0 0 "Beam" ""  0
"H300X150" "A36" 0.000000 0 0
0.000000 0.000000 1.000000 7085.9000 6443.0000 27.0000 7088.9000 6443.0000 27.0000 0.000000 0.000000
0.000000 0.000000
0.0000 0.0000 0.0000 0.0000 0.0000 0.0000
0 0 0 0 0 0 0 0 0 0 0 0
0 ""  0 "11/13/12" "20:08:26" "11/13/12" "20:08:26" 0 0 
0 0 0 0 0 0 0 0 0 0 0 0 
0 0 0.000000 0 0 0.000000 0.000000 
0 0 0 0 0 0
00201613 8 0 0 "Beam" ""  0
"H340X250" "A36" 0.000000 0 0
0.000000 0.000000 1.000000 7085.9000 6446.5000 27.0000 7085.9000 6451.0000 27.0000 0.000000 0.000000
0.000000 0.000000
0.0000 0.0000 0.0000 0.0000 0.0000 0.0000
0 0 0 0 0 0 0 0 0 0 0 0
0 ""  0 "11/13/12" "20:08:26" "4/29/13" "16:45:44" 0 0 
0 0 0 0 0 0 0 0 0 0 0 0 
0 0 0.050000 2 0 0.000000 4.500000 
0 0 0 0 0 0
00201614 8 0 0 "Beam" ""  0
"H340X250" "A36" 0.000000 0 0
0.000000 0.000000 1.000000 7088.9000 6446.5000 27.0000 7088.9000 6451.0000 27.0000 0.000000 0.000000
0.000000 0.000000
0.0000 0.0000 0.0000 0.0000 0.0000 0.0000
0 0 0 0 0 0 0 0 0 0 0 0
0 ""  0 "11/13/12" "20:08:26" "4/29/13" "16:48:10" 0 0 
0 0 0 0 0 0 0 0 0 0 0 0 
0 0 0.050000 2 0 0.000000 4.500000 
0 0 0 0 0 0
00201615 8 0 0 "Beam" ""  0
"H350X175" "A36" 0.000000 0 0
0.000000 0.000000 1.000000 7085.9000 6439.5000 27.0000 7085.9000 6446.5000 27.0000 0.000000 0.000000
0.000000 0.000000
0.0000 0.0000 0.0000 0.0000 0.0000 0.0000
0 0 0 0 0 0 0 0 0 0 0 0
0 ""  0 "11/13/12" "20:08:26" "12/20/12" "19:32:50" 0 0 
0 0 0 0 0 0 0 0 0 0 0 0 
0 0 0.050000 2 0 0.000000 7.000000 
0 0 0 0 0 0
00201616 8 0 0 "Beam" ""  0
"H350X175" "A36" 0.000000 0 0
0.000000 0.000000 1.000000 7088.9000 6439.5000 27.0000 7088.9000 6446.5000 27.0000 0.000000 0.000000
0.000000 0.000000
0.0000 0.0000 0.0000 0.0000 0.0000 0.0000
0 0 0 0 0 0 0 0 0 0 0 0
0 ""  0 "11/13/12" "20:08:26" "12/20/12" "19:32:51" 0 0 
0 0 0 0 0 0 0 0 0 0 0 0 
0 0 0.050000 2 0 0.000000 7.000000 
0 0 0 0 0 0
00201617 8 0 0 "Beam" ""  0
"H340X250" "A36" 0.000000 0 0
0.000000 0.000000 1.000000 7085.9000 6434.5000 27.0000 7085.9000 6439.5000 27.0000 0.000000 0.000000
0.000000 0.000000
0.0000 0.0000 0.0000 0.0000 0.0000 0.0000
0 0 0 0 0 0 0 0 0 0 0 0
0 ""  0 "11/13/12" "20:08:26" "4/29/13" "16:45:41" 0 0 
0 0 0 0 0 0 0 0 0 0 0 0 
0 0 0.000000 0 0 0.000000 0.000000 
0 0 0 0 0 0
00201618 8 0 0 "Beam" ""  0
"H340X250" "A36" 0.000000 0 0
0.000000 0.000000 1.000000 7088.9000 6434.5000 27.0000 7088.9000 6439.5000 27.0000 0.000000 0.000000
0.000000 0.000000
0.0000 0.0000 0.0000 0.0000 0.0000 0.0000
0 0 0 0 0 0 0 0 0 0 0 0
0 ""  0 "11/13/12" "20:08:26" "4/29/13" "16:48:09" 0 0 
0 0 0 0 0 0 0 0 0 0 0 0 
0 0 0.000000 0 0 0.000000 0.000000 
0 0 0 0 0 0
00201619 8 0 0 "Beam" ""  0
"H300X150" "A36" 0.000000 0 0
0.000000 0.000000 1.000000 7085.9000 6448.7500 27.0000 7088.9000 6448.7500 27.0000 0.000000 0.000000
0.000000 0.000000
0.0000 0.0000 0.0000 0.0000 0.0000 0.0000
0 0 0 0 0 0 0 0 0 0 0 0
0 ""  0 "11/13/12" "20:08:26" "11/13/12" "20:08:26" 0 0 
0 0 0 0 0 0 0 0 0 0 0 0 
0 0 0.000000 0 0 0.000000 0.000000 
0 0 0 0 0 0
00201620 8 0 0 "Beam" ""  0
"H300X150" "A36" 0.000000 0 0
0.000000 0.000000 1.000000 7085.9000 6437.0000 27.0000 7088.9000 6437.0000 27.0000 0.000000 0.000000
0.000000 0.000000
0.0000 0.0000 0.0000 0.0000 0.0000 0.0000
0 0 0 0 0 0 0 0 0 0 0 0
0 ""  0 "11/13/12" "20:08:26" "11/13/12" "20:08:26" 0 0 
0 0 0 0 0 0 0 0 0 0 0 0 
0 0 0.000000 0 0 0.000000 0.000000 
0 0 0 0 0 0
00201621 8 0 0 "Beam" ""  0
"H194X150" "A36" 0.000000 0 0
0.000000 0.000000 1.000000 7087.0500 6434.5000 27.0000 7087.0500 6437.0000 27.0000 0.000000 0.000000
0.000000 0.000000
0.0000 0.0000 0.0000 0.0000 0.0000 0.0000
0 0 0 0 0 0 0 0 0 0 0 0
0 ""  0 "11/13/12" "20:08:26" "11/13/12" "20:08:26" 0 0 
0 0 0 0 0 0 0 0 0 0 0 0 
0 0 0.000000 0 0 0.000000 0.000000 
0 0 0 0 0 0
00201622 8 0 0 "Beam" ""  0
"H194X150" "A36" 0.000000 0 0
0.000000 0.000000 1.000000 7087.0500 6437.0000 27.0000 7087.0500 6439.5000 27.0000 0.000000 0.000000
0.000000 0.000000
0.0000 0.0000 0.0000 0.0000 0.0000 0.0000
0 0 0 0 0 0 0 0 0 0 0 0
0 ""  0 "11/13/12" "20:08:26" "11/13/12" "20:08:26" 0 0 
0 0 0 0 0 0 0 0 0 0 0 0 
0 0 0.000000 0 0 0.000000 0.000000 
0 0 0 0 0 0
00201623 8 0 0 "Beam" ""  0
"H194X150" "A36" 0.000000 0 0
0.000000 0.000000 1.000000 7087.7500 6434.5000 27.0000 7087.7500 6437.0000 27.0000 0.000000 0.000000
0.000000 0.000000
0.0000 0.0000 0.0000 0.0000 0.0000 0.0000
0 0 0 0 0 0 0 0 0 0 0 0
0 ""  0 "11/13/12" "20:08:26" "11/13/12" "20:08:26" 0 0 
0 0 0 0 0 0 0 0 0 0 0 0 
0 0 0.000000 0 0 0.000000 0.000000 
0 0 0 0 0 0
00201624 8 0 0 "Beam" ""  0
"H194X150" "A36" 0.000000 0 0
0.000000 0.000000 1.000000 7087.7500 6437.0000 27.0000 7087.7500 6439.5000 27.0000 0.000000 0.000000
0.000000 0.000000
0.0000 0.0000 0.0000 0.0000 0.0000 0.0000
0 0 0 0 0 0 0 0 0 0 0 0
0 ""  0 "11/13/12" "20:08:26" "11/13/12" "20:08:26" 0 0 
0 0 0 0 0 0 0 0 0 0 0 0 
0 0 0.000000 0 0 0.000000 0.000000 
0 0 0 0 0 0
00201625 8 0 0 "Beam" ""  0
"H194X150" "A36" 0.000000 0 0
0.000000 0.000000 1.000000 7087.0500 6446.5000 27.0000 7087.0500 6448.7500 27.0000 0.000000 0.000000
0.000000 0.000000
0.0000 0.0000 0.0000 0.0000 0.0000 0.0000
0 0 0 0 0 0 0 0 0 0 0 0
0 ""  0 "11/13/12" "20:08:26" "12/21/12" "11:21:26" 0 0 
0 0 0 0 0 0 0 0 0 0 0 0 
0 0 0.000000 0 0 0.000000 0.000000 
0 0 0 0 0 0
00201626 8 0 0 "Beam" ""  0
"H194X150" "A36" 0.000000 0 0
0.000000 0.000000 1.000000 7087.0500 6448.7500 27.0000 7087.0500 6451.0000 27.0000 0.000000 0.000000
0.000000 0.000000
0.0000 0.0000 0.0000 0.0000 0.0000 0.0000
0 0 0 0 0 0 0 0 0 0 0 0
0 ""  0 "11/13/12" "20:08:26" "11/13/12" "20:08:26" 0 0 
0 0 0 0 0 0 0 0 0 0 0 0 
0 0 0.000000 0 0 0.000000 0.000000 
0 0 0 0 0 0
00201627 8 0 0 "Beam" ""  0
"H194X150" "A36" 0.000000 0 0
0.000000 0.000000 1.000000 7087.7500 6446.5000 27.0000 7087.7500 6448.7500 27.0000 0.000000 0.000000
0.000000 0.000000
0.0000 0.0000 0.0000 0.0000 0.0000 0.0000
0 0 0 0 0 0 0 0 0 0 0 0
0 ""  0 "11/13/12" "20:08:26" "11/13/12" "20:08:26" 0 0 
0 0 0 0 0 0 0 0 0 0 0 0 
0 0 0.000000 0 0 0.000000 0.000000 
0 0 0 0 0 0
00201628 8 0 0 "Beam" ""  0
"H194X150" "A36" 0.000000 0 0
0.000000 0.000000 1.000000 7087.7500 6448.7500 27.0000 7087.7500 6451.0000 27.0000 0.000000 0.000000
0.000000 0.000000
0.0000 0.0000 0.0000 0.0000 0.0000 0.0000
0 0 0 0 0 0 0 0 0 0 0 0
0 ""  0 "11/13/12" "20:08:26" "11/13/12" "20:08:26" 0 0 
0 0 0 0 0 0 0 0 0 0 0 0 
0 0 0.000000 0 0 0.000000 0.000000 
0 0 0 0 0 0
00201629 8 0 0 "Hbrace" ""  0
"T150X150" "A36" 0.000000 0 0
0.000000 0.000000 1.000000 7085.9000 6450.6750 26.8400 7087.0500 6448.9500 26.8400 0.000000 0.000000
0.000000 0.000000
0.0000 0.0000 0.0000 0.0000 0.0000 0.0000
0 0 0 0 0 0 0 0 0 0 0 0
0 ""  0 "11/13/12" "20:08:26" "2/22/13" "22:08:49" 0 0 
0 0 0 0 0 0 0 0 0 0 0 0 
0 0 0.000000 0 0 0.000000 0.000000 
0 0 0 0 0 0
00201630 8 0 0 "Hbrace" ""  0
"T150X150" "A36" 0.000000 0 0
0.000000 0.000000 1.000000 7085.9000 6446.8250 26.8400 7087.0500 6448.5500 26.8400 0.000000 0.000000
0.000000 0.000000
0.0000 0.0000 0.0000 0.0000 0.0000 0.0000
0 0 0 0 0 0 0 0 0 0 0 0
0 ""  0 "11/13/12" "20:08:26" "2/22/13" "22:07:28" 0 0 
0 0 0 0 0 0 0 0 0 0 0 0 
0 0 0.000000 0 0 0.000000 0.000000 
0 0 0 0 0 0
00201631 8 0 0 "Hbrace" ""  0
"T150X150" "A36" 0.000000 0 0
0.000000 0.000000 1.000000 7087.7500 6448.9500 26.8400 7088.9000 6450.6750 26.8400 0.000000 0.000000
0.000000 0.000000
0.0000 0.0000 0.0000 0.0000 0.0000 0.0000
0 0 0 0 0 0 0 0 0 0 0 0
0 ""  0 "11/13/12" "20:08:26" "2/22/13" "22:08:51" 0 0 
0 0 0 0 0 0 0 0 0 0 0 0 
0 0 0.000000 0 0 0.000000 0.000000 
0 0 0 0 0 0
00201632 8 0 0 "Hbrace" ""  0
"T150X150" "A36" 0.000000 0 0
0.000000 0.000000 1.000000 7087.7500 6448.5500 26.8400 7088.9000 6446.8250 26.7500 0.000000 0.000000
0.000000 0.000000
0.0000 0.0000 0.0000 0.0000 0.0000 0.0000
0 0 0 0 0 0 0 0 0 0 0 0
0 ""  0 "11/13/12" "20:08:26" "2/22/13" "22:07:30" 0 0 
0 0 0 0 0 0 0 0 0 0 0 0 
0 0 0.000000 0 0 0.000000 0.000000 
0 0 0 0 0 0
00201633 8 0 0 "Hbrace" ""  0
"T150X150" "A36" 0.000000 0 0
0.000000 0.000000 1.000000 7085.9000 6439.1750 26.7500 7087.0500 6437.2000 26.8400 0.000000 0.000000
0.000000 0.000000
0.0000 0.0000 0.0000 0.0000 0.0000 0.0000
0 0 0 0 0 0 0 0 0 0 0 0
0 ""  0 "11/13/12" "20:08:26" "2/22/13" "22:08:32" 0 0 
0 0 0 0 0 0 0 0 0 0 0 0 
0 0 0.000000 0 0 0.000000 0.000000 
0 0 0 0 0 0
00201634 8 0 0 "Hbrace" ""  0
"T150X150" "A36" 0.000000 0 0
0.000000 0.000000 1.000000 7085.9000 6434.8250 26.7500 7087.0500 6436.8000 26.8400 0.000000 0.000000
0.000000 0.000000
0.0000 0.0000 0.0000 0.0000 0.0000 0.0000
0 0 0 0 0 0 0 0 0 0 0 0
0 ""  0 "11/13/12" "20:08:26" "2/22/13" "22:07:36" 0 0 
0 0 0 0 0 0 0 0 0 0 0 0 
0 0 0.000000 0 0 0.000000 0.000000 
0 0 0 0 0 0
00201635 8 0 0 "Hbrace" ""  0
"T150X150" "A36" 0.000000 0 0
0.000000 0.000000 1.000000 7087.7500 6437.2000 26.8400 7088.9000 6439.1750 26.7500 0.000000 0.000000
0.000000 0.000000
0.0000 0.0000 0.0000 0.0000 0.0000 0.0000
0 0 0 0 0 0 0 0 0 0 0 0
0 ""  0 "11/13/12" "20:08:26" "2/22/13" "22:08:33" 0 0 
0 0 0 0 0 0 0 0 0 0 0 0 
0 0 0.000000 0 0 0.000000 0.000000 
0 0 0 0 0 0
00201636 8 0 0 "Hbrace" ""  0
"T150X150" "A36" 0.000000 0 0
0.000000 0.000000 1.000000 7087.7500 6436.8000 26.8400 7088.9000 6434.8250 26.7500 0.000000 0.000000
0.000000 0.000000
0.0000 0.0000 0.0000 0.0000 0.0000 0.0000
0 0 0 0 0 0 0 0 0 0 0 0
0 ""  0 "11/13/12" "20:08:26" "2/22/13" "22:07:38" 0 0 
0 0 0 0 0 0 0 0 0 0 0 0 
0 0 0.000000 0 0 0.000000 0.000000 
0 0 0 0 0 0
00201637 8 0 0 "Beam" ""  0
"H300X150" "A36" 0.000000 0 0
0.000000 0.000000 1.000000 7085.9000 6451.0000 27.0000 7085.9000 6452.2000 27.0000 0.000000 0.000000
0.000000 0.000000
0.0000 0.0000 0.0000 0.0000 0.0000 0.0000
0 0 0 0 0 0 0 0 0 0 0 0
0 ""  0 "11/13/12" "20:08:26" "11/13/12" "20:08:26" 0 0 
0 0 0 0 0 0 0 0 0 0 0 0 
0 0 0.000000 0 0 0.000000 0.000000 
0 0 0 0 0 0
00201638 8 0 0 "Beam" ""  0
"H300X150" "A36" 0.000000 0 0
0.000000 0.000000 1.000000 7088.9000 6451.0000 27.0000 7088.9000 6452.2000 27.0000 0.000000 0.000000
0.000000 0.000000
0.0000 0.0000 0.0000 0.0000 0.0000 0.0000
0 0 0 0 0 0 0 0 0 0 0 0
0 ""  0 "11/13/12" "20:08:26" "11/13/12" "20:08:26" 0 0 
0 0 0 0 0 0 0 0 0 0 0 0 
0 0 0.000000 0 0 0.000000 0.000000 
0 0 0 0 0 0
00201639 8 0 0 "Beam" ""  0
"H300X150" "A36" 0.000000 0 0
0.000000 0.000000 1.000000 7084.4000 6452.2000 27.0000 7089.9000 6452.2000 27.0000 0.000000 0.000000
0.000000 0.000000
0.0000 0.0000 0.0000 0.0000 0.0000 0.0000
0 0 0 0 0 0 0 0 0 0 0 0
0 ""  0 "11/13/12" "20:08:26" "12/20/12" "19:52:55" 0 0 
0 0 0 0 0 0 0 0 0 0 0 0 
0 0 0.000000 0 0 0.000000 0.000000 
0 0 0 0 0 0
00201641 8 0 0 "Beam" ""  0
"H300X150" "A36" 0.000000 0 0
0.000000 0.000000 1.000000 7085.9000 6451.0000 27.0000 7084.4000 6451.0000 27.0000 0.000000 0.000000
0.000000 0.000000
0.0000 0.0000 0.0000 0.0000 0.0000 0.0000
0 0 0 0 0 0 0 0 0 0 0 0
0 ""  0 "11/13/12" "20:08:26" "12/20/12" "19:52:29" 0 0 
0 0 0 0 0 0 0 0 0 0 0 0 
0 0 0.000000 0 0 0.000000 0.000000 
0 0 0 0 0 0
00201642 8 0 0 "Beam" ""  0
"H300X150" "A36" 0.000000 0 0
0.000000 0.000000 1.000000 7084.4000 6446.5000 27.0000 7084.4000 6452.3000 27.0000 0.000000 0.000000
0.000000 0.000000
0.0000 0.0000 0.0000 0.0000 0.0000 0.0000
0 0 0 0 0 0 0 0 0 0 0 0
0 ""  0 "11/13/12" "20:08:26" "12/20/12" "19:52:38" 0 0 
0 0 0 0 0 0 0 0 0 0 0 0 
0 0 0.000000 0 0 0.000000 0.000000 
0 0 0 0 0 0
00201643 8 0 0 "Beam" ""  0
"H350X175" "A36" 0.000000 0 0
0.000000 0.000000 1.000000 7085.9000 6446.5000 27.0000 7084.3000 6446.5000 27.0000 0.000000 0.000000
0.000000 0.000000
0.0000 0.0000 0.0000 0.0000 0.0000 0.0000
0 0 0 0 0 0 0 0 0 0 0 0
0 ""  0 "11/13/12" "20:08:26" "11/13/12" "20:14:12" 0 0 
0 0 0 0 0 0 0 0 0 0 0 0 
0 0 0.000000 0 0 0.000000 0.000000 
0 0 0 0 0 0
00201644 8 0 0 "Beam" ""  0
"H350X175" "A36" 0.000000 0 0
0.000000 0.000000 1.000000 7085.9000 6439.5000 27.0000 7083.8000 6439.5000 27.0000 0.000000 0.000000
0.000000 0.000000
0.0000 0.0000 0.0000 0.0000 0.0000 0.0000
0 0 0 0 0 0 0 0 0 0 0 0
0 ""  0 "11/13/12" "20:08:26" "4/16/13" "14:42:18" 0 0 
0 0 0 0 0 0 0 0 0 0 0 0 
0 0 0.000000 0 0 0.000000 0.000000 
0 0 0 0 0 0
00201645 8 0 0 "Beam" ""  0
"H350X175" "A36" 0.000000 0 0
0.000000 0.000000 1.000000 7084.4000 6439.5000 27.0000 7084.4000 6446.5000 27.0000 0.000000 0.000000
0.000000 0.000000
0.0000 0.0000 0.0000 0.0000 0.0000 0.0000
0 0 0 0 0 0 0 0 0 0 0 0
0 ""  0 "11/13/12" "20:08:26" "11/13/12" "20:13:43" 0 0 
0 0 0 0 0 0 0 0 0 0 0 0 
0 0 0.000000 0 0 0.000000 0.000000 
0 0 0 0 0 0
00201646 8 0 0 "Beam" ""  0
"H194X150" "A36" 0.000000 0 0
0.000000 0.000000 1.000000 7085.9000 6443.0000 27.0000 7084.4000 6443.0000 27.0000 0.000000 0.000000
0.000000 0.000000
0.0000 0.0000 0.0000 0.0000 0.0000 0.0000
0 0 0 0 0 0 0 0 0 0 0 0
0 ""  0 "11/13/12" "20:08:26" "11/13/12" "20:16:25" 0 0 
0 0 0 0 0 0 0 0 0 0 0 0 
0 0 0.000000 0 0 0.000000 0.000000 
0 0 0 0 0 0
00201647 8 0 0 "Beam" ""  0
"H300X150" "A36" 0.000000 0 0
0.000000 0.000000 1.000000 7085.9000 6434.5000 27.0000 7084.4000 6434.5000 27.0000 0.000000 0.000000
0.000000 0.000000
0.0000 0.0000 0.0000 0.0000 0.0000 0.0000
0 0 0 0 0 0 0 0 0 0 0 0
0 ""  0 "11/13/12" "20:08:26" "12/20/12" "19:33:54" 0 0 
0 0 0 0 0 0 0 0 0 0 0 0 
0 0 0.000000 0 0 0.000000 0.000000 
0 0 0 0 0 0
00201648 8 0 0 "Beam" ""  0
"H300X150" "A36" 0.000000 0 0
0.000000 0.000000 1.000000 7084.4000 6433.2000 27.0000 7084.4000 6439.5000 27.0000 0.000000 0.000000
0.000000 0.000000
0.0000 0.0000 0.0000 0.0000 0.0000 0.0000
0 0 0 0 0 0 0 0 0 0 0 0
0 ""  0 "11/13/12" "20:08:26" "12/20/12" "19:34:04" 0 0 
0 0 0 0 0 0 0 0 0 0 0 0 
0 0 0.000000 0 0 0.000000 0.000000 
0 0 0 0 0 0
00201649 7 0 0 "Beam" ""  0
"C150X75" "A36" 0.000000 0 0
0.000000 0.000000 1.000000 7085.1500 6448.7500 27.0000 7085.1500 6451.0000 27.0000 0.000000 0.000000
0.000000 0.000000
-0.0000 0.0000 0.0000 -0.0000 0.0000 0.0000
0 0 0 0 0 0 0 0 0 0 0 0
0 ""  0 "11/13/12" "20:08:26" "12/20/12" "19:43:49" 0 0 
0 0 0 0 0 0 0 0 0 0 0 0 
0 0 0.000000 0 0 0.000000 0.000000 
0 0 0 0 0 0
00201651 8 0 0 "Beam" ""  0
"H300X150" "A36" 0.000000 0 0
0.000000 0.000000 1.000000 7088.9000 6451.0000 27.0000 7089.9000 6451.0000 27.0000 0.000000 0.000000
0.000000 0.000000
0.0000 0.0000 0.0000 0.0000 0.0000 0.0000
0 0 0 0 0 0 0 0 0 0 0 0
0 ""  0 "11/13/12" "20:08:26" "12/20/12" "19:52:31" 0 0 
0 0 0 0 0 0 0 0 0 0 0 0 
0 0 0.000000 0 0 0.000000 0.000000 
0 0 0 0 0 0
00201653 8 0 0 "Beam" ""  0
"H300X150" "A36" 0.000000 0 0
0.000000 0.000000 1.000000 7089.9000 6446.5000 27.0000 7089.9000 6452.3000 27.0000 0.000000 0.000000
0.000000 0.000000
0.0000 0.0000 0.0000 0.0000 0.0000 0.0000
0 0 0 0 0 0 0 0 0 0 0 0
0 ""  0 "11/13/12" "20:08:26" "12/20/12" "19:52:41" 0 0 
0 0 0 0 0 0 0 0 0 0 0 0 
0 0 0.000000 0 0 0.000000 0.000000 
0 0 0 0 0 0
00201654 8 0 0 "Beam" ""  0
"H350X175" "A36" 0.000000 0 0
0.000000 0.000000 1.000000 7088.9000 6446.5000 27.0000 7090.0000 6446.5000 27.0000 0.000000 0.000000
0.000000 0.000000
0.0000 0.0000 0.0000 0.0000 0.0000 0.0000
0 0 0 0 0 0 0 0 0 0 0 0
0 ""  0 "11/13/12" "20:08:26" "12/21/12" "11:39:47" 0 0 
0 0 0 0 0 0 0 0 0 0 0 0 
0 0 0.000000 0 0 0.000000 0.000000 
0 0 0 0 0 0
00201655 8 0 0 "Beam" ""  0
"H194X150" "A36" 0.000000 0 0
0.000000 0.000000 1.000000 7084.4000 6448.7500 27.0000 7085.9000 6448.7500 27.0000 0.000000 0.000000
0.000000 0.000000
-0.0000 0.0000 0.0000 -0.0000 0.0000 0.0000
0 0 0 0 0 0 0 0 0 0 0 0
0 ""  0 "11/13/12" "20:08:26" "12/20/12" "19:38:14" 0 0 
0 0 0 0 0 0 0 0 0 0 0 0 
0 0 0.000000 0 0 0.000000 0.000000 
0 0 0 0 0 0
00201658 7 0 0 "Beam" ""  0
"C150X75" "A36" 0.000000 0 0
0.000000 0.000000 1.000000 7085.1500 6446.5000 27.0000 7085.1500 6448.7500 27.0000 0.000000 0.000000
0.000000 0.000000
-0.0000 0.0000 0.0000 -0.0000 0.0000 0.0000
0 0 0 0 0 0 0 0 0 0 0 0
0 ""  0 "11/13/12" "20:08:26" "12/20/12" "19:38:07" 0 0 
0 0 0 0 0 0 0 0 0 0 0 0 
0 0 0.000000 0 0 0.000000 0.000000 
0 0 0 0 0 0
00201659 7 0 0 "Beam" ""  0
"C150X75" "A36" 0.000000 0 0
0.000000 0.000000 1.000000 7088.9000 6443.0000 27.0000 7089.9000 6443.0000 27.0000 0.000000 0.000000
0.000000 0.000000
-0.0000 0.0000 0.0000 -0.0000 0.0000 0.0000
0 0 0 0 0 0 0 0 0 0 0 0
0 ""  0 "11/13/12" "20:08:26" "12/20/12" "19:37:48" 0 0 
0 0 0 0 0 0 0 0 0 0 0 0 
0 0 0.000000 0 0 0.000000 0.000000 
0 0 0 0 0 0
00201660 8 0 0 "Beam" ""  0
"H350X175" "A36" 0.000000 0 0
0.000000 0.000000 1.000000 7088.9000 6439.5000 27.0000 7090.0000 6439.5000 27.0000 0.000000 0.000000
0.000000 0.000000
0.0000 0.0000 0.0000 0.0000 0.0000 0.0000
0 0 0 0 0 0 0 0 0 0 0 0
0 ""  0 "11/13/12" "20:08:26" "11/13/12" "20:16:47" 0 0 
0 0 0 0 0 0 0 0 0 0 0 0 
0 0 0.000000 0 0 0.000000 0.000000 
0 0 0 0 0 0
00201661 8 0 0 "Beam" ""  0
"H350X175" "A36" 0.000000 0 0
0.000000 0.000000 1.000000 7089.9000 6439.5000 27.0000 7089.9000 6446.5000 27.0000 0.000000 0.000000
0.000000 0.000000
0.0000 0.0000 0.0000 0.0000 0.0000 0.0000
0 0 0 0 0 0 0 0 0 0 0 0
0 ""  0 "11/13/12" "20:08:26" "11/13/12" "20:13:43" 0 0 
0 0 0 0 0 0 0 0 0 0 0 0 
0 0 0.000000 0 0 0.000000 0.000000 
0 0 0 0 0 0
00201662 7 0 0 "Beam" ""  0
"C150X75" "A36" 0.000000 0 0
0.000000 0.000000 1.000000 7085.1500 6443.0000 27.0000 7085.1500 6446.5000 27.0000 0.000000 0.000000
0.000000 0.000000
-0.0000 0.0000 0.0000 -0.0000 0.0000 0.0000
0 0 0 0 0 0 0 0 0 0 0 0
0 ""  0 "11/13/12" "20:08:26" "12/20/12" "19:37:28" 0 0 
0 0 0 0 0 0 0 0 0 0 0 0 
0 0 0.000000 0 0 0.000000 0.000000 
0 0 0 0 0 0
00201667 7 0 0 "Beam" ""  0
"C150X75" "A36" 0.000000 0 0
0.000000 0.000000 1.000000 7085.1500 6439.5000 27.0000 7085.1500 6443.0000 27.0000 0.000000 0.000000
0.000000 0.000000
-0.0000 0.0000 0.0000 -0.0000 0.0000 0.0000
0 0 0 0 0 0 0 0 0 0 0 0
0 ""  0 "11/13/12" "20:08:26" "12/20/12" "19:37:20" 0 0 
0 0 0 0 0 0 0 0 0 0 0 0 
0 0 0.000000 0 0 0.000000 0.000000 
0 0 0 0 0 0
00201670 8 0 0 "Beam" ""  0
"H300X150" "A36" 0.000000 0 0
0.000000 0.000000 1.000000 7089.9000 6433.2000 27.0000 7089.9000 6439.5000 27.0000 0.000000 0.000000
0.000000 0.000000
0.0000 0.0000 0.0000 0.0000 0.0000 0.0000
0 0 0 0 0 0 0 0 0 0 0 0
0 ""  0 "11/13/12" "20:08:26" "12/20/12" "19:34:23" 0 0 
0 0 0 0 0 0 0 0 0 0 0 0 
0 0 0.000000 0 0 0.000000 0.000000 
0 0 0 0 0 0
00201671 8 0 0 "Beam" ""  0
"H194X150" "A36" 0.000000 0 0
0.000000 0.000000 1.000000 7085.9000 6437.0000 27.0000 7084.4000 6437.0000 27.0000 0.000000 0.000000
0.000000 0.000000
0.0000 0.0000 0.0000 0.0000 0.0000 0.0000
0 0 0 0 0 0 0 0 0 0 0 0
0 ""  0 "11/13/12" "20:08:26" "11/13/12" "20:16:58" 0 0 
0 0 0 0 0 0 0 0 0 0 0 0 
0 0 0.000000 0 0 0.000000 0.000000 
0 0 0 0 0 0
00201673 8 0 0 "Beam" ""  0
"H300X150" "A36" 0.000000 0 0
0.000000 0.000000 1.000000 7088.9000 6434.5000 27.0000 7089.9000 6434.5000 27.0000 0.000000 0.000000
0.000000 0.000000
-0.0000 0.0000 0.0000 -0.0000 0.0000 0.0000
0 0 0 0 0 0 0 0 0 0 0 0
0 ""  0 "11/13/12" "20:08:26" "12/21/12" "11:37:17" 0 0 
0 0 0 0 0 0 0 0 0 0 0 0 
0 0 0.000000 0 0 0.000000 0.000000 
0 0 0 0 0 0
00201677 8 0 0 "Beam" ""  0
"H194X150" "A36" 0.000000 0 0
0.000000 0.000000 1.000000 7089.9000 6437.5000 27.0000 7088.9000 6437.5000 27.0000 0.000000 0.000000
0.000000 0.000000
0.0000 0.0000 0.0000 0.0000 0.0000 0.0000
0 0 0 0 0 0 0 0 0 0 0 0
0 ""  0 "11/13/12" "20:08:26" "11/13/12" "20:17:07" 0 0 
0 0 0 0 0 0 0 0 0 0 0 0 
0 0 0.000000 0 0 0.000000 0.000000 
0 0 0 0 0 0
00201679 7 0 0 "Beam" ""  0
"C150X75" "A36" 0.000000 0 0
0.000000 0.000000 1.000000 7085.1500 6434.5000 27.0000 7085.1500 6437.0000 27.0000 0.000000 0.000000
0.000000 0.000000
-0.0000 0.0000 0.0000 -0.0000 0.0000 0.0000
0 0 0 0 0 0 0 0 0 0 0 0
0 ""  0 "11/13/12" "20:08:26" "12/20/12" "19:35:38" 0 0 
0 0 0 0 0 0 0 0 0 0 0 0 
0 0 0.000000 0 0 0.000000 0.000000 
0 0 0 0 0 0
00201681 8 0 0 "Beam" ""  0
"H194X150" "A36" 0.000000 0 0
0.000000 0.000000 1.000000 7089.9000 6448.5000 27.0000 7088.9000 6448.5000 27.0000 0.000000 0.000000
0.000000 0.000000
0.0000 0.0000 0.0000 0.0000 0.0000 0.0000
0 0 0 0 0 0 0 0 0 0 0 0
0 ""  0 "11/13/12" "20:08:26" "11/13/12" "20:16:02" 0 0 
0 0 0 0 0 0 0 0 0 0 0 0 
0 0 0.000000 0 0 0.000000 0.000000 
0 0 0 0 0 0
00201683 7 0 0 "Beam" ""  0
"C150X75" "A36" 0.000000 0 0
0.000000 0.000000 1.000000 7085.9000 6451.6000 27.0000 7088.9000 6451.6000 27.0000 0.000000 0.000000
0.000000 0.000000
-0.0000 0.0000 0.0000 -0.0000 0.0000 0.0000
0 0 0 0 0 0 0 0 0 0 0 0
0 ""  0 "11/13/12" "20:08:26" "12/20/12" "19:44:20" 0 0 
0 0 0 0 0 0 0 0 0 0 0 0 
0 0 0.000000 0 0 0.000000 0.000000 
0 0 0 0 0 0
00201684 7 0 0 "Beam" ""  0
"C150X75" "A36" 0.000000 0 0
0.000000 0.000000 1.000000 7083.5000 6451.0000 27.0000 7084.4000 6451.0000 27.0000 0.000000 0.000000
0.000000 0.000000
-0.0000 0.0000 0.0000 -0.0000 0.0000 0.0000
0 0 0 0 0 0 0 0 0 0 0 0
0 ""  0 "11/13/12" "20:08:26" "12/20/12" "19:53:16" 0 0 
0 0 0 0 0 0 0 0 0 0 0 0 
0 0 0.000000 0 0 0.000000 0.000000 
0 0 0 0 0 0
00201685 8 0 0 "Beam" ""  0
"H300X150" "A36" 0.000000 0 0
0.000000 0.000000 1.000000 7100.1000 6433.3000 27.0000 7105.6000 6433.3000 27.0000 0.000000 0.000000
0.000000 0.000000
0.0000 0.0000 0.0000 0.0000 0.0000 0.0000
0 0 0 0 0 0 0 0 0 0 0 0
0 ""  0 "11/13/12" "20:09:15" "12/20/12" "19:45:47" 0 0 
0 0 0 0 0 0 0 0 0 0 0 0 
0 0 0.000000 0 0 0.000000 0.000000 
0 0 0 0 0 0
00201686 8 0 0 "Beam" ""  0
"H300X150" "A36" 0.000000 0 0
0.000000 0.000000 1.000000 7101.1000 6434.5000 27.0000 7101.1000 6433.3000 27.0000 0.000000 0.000000
0.000000 0.000000
0.0000 0.0000 0.0000 0.0000 0.0000 0.0000
0 0 0 0 0 0 0 0 0 0 0 0
0 ""  0 "11/13/12" "20:09:29" "11/13/12" "20:09:29" 0 0 
0 0 0 0 0 0 0 0 0 0 0 0 
0 0 0.000000 0 0 0.000000 0.000000 
0 0 0 0 0 0
00201687 8 0 0 "Beam" ""  0
"H300X150" "A36" 0.000000 0 0
0.000000 0.000000 1.000000 7104.1000 6434.5000 27.0000 7104.1000 6433.3000 27.0000 0.000000 0.000000
0.000000 0.000000
0.0000 0.0000 0.0000 0.0000 0.0000 0.0000
0 0 0 0 0 0 0 0 0 0 0 0
0 ""  0 "11/13/12" "20:09:31" "11/13/12" "20:09:31" 0 0 
0 0 0 0 0 0 0 0 0 0 0 0 
0 0 0.000000 0 0 0.000000 0.000000 
0 0 0 0 0 0
00201689 8 0 0 "Beam" ""  0
"H300X150" "A36" 0.000000 0 0
0.000000 0.000000 1.000000 7105.6000 6434.5000 27.0000 7105.6000 6433.3000 27.0000 0.000000 0.000000
0.000000 0.000000
0.0000 0.0000 0.0000 0.0000 0.0000 0.0000
0 0 0 0 0 0 0 0 0 0 0 0
0 ""  0 "11/13/12" "20:09:47" "11/13/12" "20:09:47" 0 0 
0 0 0 0 0 0 0 0 0 0 0 0 
0 0 0.000000 0 0 0.000000 0.000000 
0 0 0 0 0 0
00201691 7 0 0 "Beam" ""  0
"C150X75" "A36" 0.000000 0 0
0.000000 0.000000 1.000000 7104.1000 6451.6000 27.0000 7105.6000 6451.6000 27.0000 0.000000 0.000000
0.000000 0.000000
-0.0000 0.0000 0.0000 -0.0000 0.0000 0.0000
0 0 0 0 0 0 0 0 0 0 0 0
0 ""  0 "11/13/12" "20:10:32" "12/20/12" "19:51:56" 0 0 
0 0 0 0 0 0 0 0 0 0 0 0 
0 0 0.000000 0 0 0.000000 0.000000 
0 0 0 0 0 0
00201692 7 0 0 "Beam" ""  0
"C150X75" "A36" 0.000000 0 0
0.000000 0.000000 1.000000 7101.1000 6433.9000 27.0000 7104.1000 6433.9000 27.0000 0.000000 0.000000
0.000000 0.000000
-0.0000 0.0000 0.0000 -0.0000 0.0000 0.0000
0 0 0 0 0 0 0 0 0 0 0 0
0 ""  0 "11/13/12" "20:10:48" "12/20/12" "19:46:22" 0 0 
0 0 0 0 0 0 0 0 0 0 0 0 
0 0 0.000000 0 0 0.000000 0.000000 
0 0 0 0 0 0
00201693 7 0 0 "Beam" ""  0
"C150X75" "A36" 0.000000 0 0
0.000000 0.000000 1.000000 7100.1000 6433.9000 27.0000 7101.1000 6433.9000 27.0000 0.000000 0.000000
0.000000 0.000000
-0.0000 0.0000 0.0000 -0.0000 0.0000 0.0000
0 0 0 0 0 0 0 0 0 0 0 0
0 ""  0 "11/13/12" "20:10:53" "12/20/12" "19:46:34" 0 0 
0 0 0 0 0 0 0 0 0 0 0 0 
0 0 0.000000 0 0 0.000000 0.000000 
0 0 0 0 0 0
00201695 7 0 0 "Beam" ""  0
"C150X75" "A36" 0.000000 0 0
0.000000 0.000000 1.000000 7085.9000 6433.9000 27.0000 7088.9000 6433.9000 27.0000 0.000000 0.000000
0.000000 0.000000
-0.0000 0.0000 0.0000 -0.0000 0.0000 0.0000
0 0 0 0 0 0 0 0 0 0 0 0
0 ""  0 "11/13/12" "20:11:02" "12/20/12" "19:35:16" 0 0 
0 0 0 0 0 0 0 0 0 0 0 0 
0 0 0.000000 0 0 0.000000 0.000000 
0 0 0 0 0 0
00201698 7 0 0 "Beam" ""  0
"C150X75" "A36" 0.000000 0 0
0.000000 0.000000 1.000000 7104.1000 6433.9000 27.0000 7105.6000 6433.9000 27.0000 0.000000 0.000000
0.000000 0.000000
-0.0000 0.0000 0.0000 -0.0000 0.0000 0.0000
0 0 0 0 0 0 0 0 0 0 0 0
0 ""  0 "11/13/12" "20:11:19" "12/20/12" "19:46:29" 0 0 
0 0 0 0 0 0 0 0 0 0 0 0 
0 0 0.000000 0 0 0.000000 0.000000 
0 0 0 0 0 0
00201699 8 0 0 "Beam" ""  0
"H300X150" "A36" 0.000000 0 0
0.000000 0.000000 1.000000 7084.4000 6433.3000 27.0000 7089.9000 6433.3000 27.0000 0.000000 0.000000
0.000000 0.000000
0.0000 0.0000 0.0000 0.0000 0.0000 0.0000
0 0 0 0 0 0 0 0 0 0 0 0
0 ""  0 "11/13/12" "20:11:31" "12/20/12" "19:34:29" 0 0 
0 0 0 0 0 0 0 0 0 0 0 0 
0 0 0.000000 0 0 0.000000 0.000000 
0 0 0 0 0 0
00201701 8 0 0 "Beam" ""  0
"H300X150" "A36" 0.000000 0 0
0.000000 0.000000 1.000000 7085.9000 6434.5000 27.0000 7085.9000 6433.3000 27.0000 0.000000 0.000000
0.000000 0.000000
0.0000 0.0000 0.0000 0.0000 0.0000 0.0000
0 0 0 0 0 0 0 0 0 0 0 0
0 ""  0 "11/13/12" "20:11:31" "11/13/12" "20:11:31" 0 0 
0 0 0 0 0 0 0 0 0 0 0 0 
0 0 0.000000 0 0 0.000000 0.000000 
0 0 0 0 0 0
00201702 8 0 0 "Beam" ""  0
"H300X150" "A36" 0.000000 0 0
0.000000 0.000000 1.000000 7088.9000 6434.5000 27.0000 7088.9000 6433.3000 27.0000 0.000000 0.000000
0.000000 0.000000
0.0000 0.0000 0.0000 0.0000 0.0000 0.0000
0 0 0 0 0 0 0 0 0 0 0 0
0 ""  0 "11/13/12" "20:11:31" "11/13/12" "20:11:31" 0 0 
0 0 0 0 0 0 0 0 0 0 0 0 
0 0 0.000000 0 0 0.000000 0.000000 
0 0 0 0 0 0
00201705 7 0 0 "Beam" ""  0
"C150X75" "A36" 0.000000 0 0
0.000000 0.000000 1.000000 7084.4000 6433.9000 27.0000 7085.9000 6433.9000 27.0000 0.000000 0.000000
0.000000 0.000000
-0.0000 0.0000 0.0000 -0.0000 0.0000 0.0000
0 0 0 0 0 0 0 0 0 0 0 0
0 ""  0 "11/13/12" "20:17:27" "12/20/12" "19:35:13" 0 0 
0 0 0 0 0 0 0 0 0 0 0 0 
0 0 0.000000 0 0 0.000000 0.000000 
0 0 0 0 0 0
00201706 7 0 0 "Beam" ""  0
"C150X75" "A36" 0.000000 0 0
0.000000 0.000000 1.000000 7085.1500 6438.4100 27.0000 7085.1500 6439.5000 27.0000 0.000000 0.000000
0.000000 0.000000
-0.0000 0.0000 0.0000 -0.0000 0.0000 0.0000
0 0 0 0 0 0 0 0 0 0 0 0
0 ""  0 "11/13/12" "20:17:45" "4/29/13" "16:53:20" 0 0 
0 0 0 0 0 0 0 0 0 0 0 0 
0 0 0.000000 0 0 0.000000 0.000000 
0 0 0 0 0 0
00201712 8 0 0 "Beam" ""  0
"H350X175" "A36" 0.000000 0 0
0.000000 0.000000 1.000000 7085.9000 6439.5000 30.5000 7085.9000 6446.5000 30.5000 0.000000 0.000000
0.000000 0.000000
0.0000 0.0000 0.0000 0.0000 0.0000 0.0000
0 0 0 0 0 0 0 0 0 0 0 0
0 ""  0 "11/13/12" "20:22:12" "11/13/12" "20:22:12" 0 0 
0 0 0 0 0 0 0 0 0 0 0 0 
0 0 0.000000 0 0 0.000000 0.000000 
0 0 0 0 0 0
00201713 8 0 0 "Beam" ""  0
"H350X175" "A36" 0.000000 0 0
0.000000 0.000000 1.000000 7104.1000 6439.5000 30.5000 7104.1000 6446.5000 30.5000 0.000000 0.000000
0.000000 0.000000
0.0000 0.0000 0.0000 0.0000 0.0000 0.0000
0 0 0 0 0 0 0 0 0 0 0 0
0 ""  0 "11/13/12" "20:22:15" "11/13/12" "20:22:15" 0 0 
0 0 0 0 0 0 0 0 0 0 0 0 
0 0 0.000000 0 0 0.000000 0.000000 
0 0 0 0 0 0
00201714 8 0 0 "Beam" ""  0
"H350X175" "A36" 0.000000 0 0
0.000000 0.000000 1.000000 7085.9000 6439.5000 34.0900 7085.9000 6446.5000 34.0900 0.000000 0.000000
0.000000 0.000000
0.0000 0.0000 0.0000 0.0000 0.0000 0.0000
0 0 0 0 0 0 0 0 0 0 0 0
0 ""  0 "11/13/12" "20:22:43" "11/13/12" "20:22:43" 0 0 
0 0 0 0 0 0 0 0 0 0 0 0 
0 0 0.000000 0 0 0.000000 0.000000 
0 0 0 0 0 0
00201715 8 0 0 "Beam" ""  0
"H350X175" "A36" 0.000000 0 0
0.000000 0.000000 1.000000 7104.1000 6439.5000 34.0900 7104.1000 6446.5000 34.0900 0.000000 0.000000
0.000000 0.000000
0.0000 0.0000 0.0000 0.0000 0.0000 0.0000
0 0 0 0 0 0 0 0 0 0 0 0
0 ""  0 "11/13/12" "20:22:45" "11/13/12" "20:22:45" 0 0 
0 0 0 0 0 0 0 0 0 0 0 0 
0 0 0.000000 0 0 0.000000 0.000000 
0 0 0 0 0 0
00201716 8 0 0 "Beam" ""  0
"H194X150" "A36" 0.000000 0 0
0.000000 0.000000 1.000000 7085.9000 6446.5000 34.0900 7085.9000 6451.0000 34.0900 0.000000 0.000000
0.000000 0.000000
0.0000 0.0000 0.0000 0.0000 0.0000 0.0000
0 0 0 0 0 0 0 0 0 0 0 0
0 ""  0 "11/13/12" "20:22:52" "11/13/12" "20:22:52" 0 0 
0 0 0 0 0 0 0 0 0 0 0 0 
0 0 0.000000 0 0 0.000000 0.000000 
0 0 0 0 0 0
00201717 8 0 0 "Beam" ""  0
"H194X150" "A36" 0.000000 0 0
0.000000 0.000000 1.000000 7104.1000 6446.5000 34.0900 7104.1000 6451.0000 34.0900 0.000000 0.000000
0.000000 0.000000
0.0000 0.0000 0.0000 0.0000 0.0000 0.0000
0 0 0 0 0 0 0 0 0 0 0 0
0 ""  0 "11/13/12" "20:22:54" "11/13/12" "20:22:54" 0 0 
0 0 0 0 0 0 0 0 0 0 0 0 
0 0 0.000000 0 0 0.000000 0.000000 
0 0 0 0 0 0
00201718 8 0 0 "Beam" ""  0
"H194X150" "A36" 0.000000 0 0
0.000000 0.000000 1.000000 7085.9000 6446.5000 30.5000 7085.9000 6451.0000 30.5000 0.000000 0.000000
0.000000 0.000000
0.0000 0.0000 0.0000 0.0000 0.0000 0.0000
0 0 0 0 0 0 0 0 0 0 0 0
0 ""  0 "11/13/12" "20:23:01" "11/13/12" "20:23:01" 0 0 
0 0 0 0 0 0 0 0 0 0 0 0 
0 0 0.000000 0 0 0.000000 0.000000 
0 0 0 0 0 0
00201719 8 0 0 "Beam" ""  0
"H194X150" "A36" 0.000000 0 0
0.000000 0.000000 1.000000 7104.1000 6446.5000 30.5000 7104.1000 6451.0000 30.5000 0.000000 0.000000
0.000000 0.000000
0.0000 0.0000 0.0000 0.0000 0.0000 0.0000
0 0 0 0 0 0 0 0 0 0 0 0
0 ""  0 "11/13/12" "20:23:02" "11/13/12" "20:23:02" 0 0 
0 0 0 0 0 0 0 0 0 0 0 0 
0 0 0.000000 0 0 0.000000 0.000000 
0 0 0 0 0 0
00201720 8 0 0 "Vbrace" ""  0
"T150X150" "A36" 270.000000 0 0
0.000000 0.000000 1.000000 7085.9000 6434.5000 25.8500 7085.9000 6433.5000 26.8500 0.000000 0.000000
0.000000 0.000000
0.0000 0.0000 0.0000 0.0000 0.0000 0.0000
0 0 0 0 0 0 0 0 0 0 0 0
0 ""  0 "11/13/12" "20:23:58" "12/21/12" "10:47:00" 0 0 
0 0 0 0 0 0 0 0 0 0 0 0 
0 0 0.000000 0 0 0.000000 0.000000 
0 0 0 0 0 0
00201721 8 0 0 "Vbrace" ""  0
"T150X150" "A36" 90.000000 0 0
0.000000 0.000000 1.000000 7085.9000 6451.0000 25.8500 7085.9000 6452.0000 26.8500 0.000000 0.000000
0.000000 0.000000
0.0000 0.0000 0.0000 0.0000 0.0000 0.0000
0 0 0 0 0 0 0 0 0 0 0 0
0 ""  0 "11/13/12" "20:24:08" "12/21/12" "10:47:29" 0 0 
0 0 0 0 0 0 0 0 0 0 0 0 
0 0 0.000000 0 0 0.000000 0.000000 
0 0 0 0 0 0
00201722 5 0 0 "Vbrace" ""  0
"H250X250" "A36" 0.000000 0 0
0.000000 0.000000 1.000000 7085.9000 6446.5000 23.6000 7085.9000 6448.6500 26.8300 0.000000 0.000000
0.000000 0.000000
0.0000 0.0000 0.0000 0.0000 0.0000 0.0000
0 0 0 0 0 0 0 0 0 0 0 0
0 ""  0 "11/13/12" "20:24:40" "4/29/13" "16:46:19" 0 0 
0 0 0 0 0 0 0 0 0 0 0 0 
0 0 0.000000 0 0 0.000000 0.000000 
0 0 0 0 0 0
00201723 5 0 0 "Vbrace" ""  0
"H250X250" "A36" 0.000000 0 0
0.000000 0.000000 1.000000 7085.9000 6451.0000 23.6000 7085.9000 6448.8500 26.8300 0.000000 0.000000
0.000000 0.000000
0.0000 0.0000 0.0000 0.0000 0.0000 0.0000
0 0 0 0 0 0 0 0 0 0 0 0
0 ""  0 "11/13/12" "20:24:49" "4/29/13" "16:46:26" 0 0 
0 0 0 0 0 0 0 0 0 0 0 0 
0 0 0.000000 0 0 0.000000 0.000000 
0 0 0 0 0 0
00201724 5 0 0 "Vbrace" ""  0
"H150X150" "A36" 0.000000 0 0
0.000000 0.000000 1.000000 7085.9000 6446.5000 27.3000 7085.9000 6448.6500 30.4030 0.000000 0.000000
0.000000 0.000000
0.0000 0.0000 0.0000 0.0000 0.0000 0.0000
0 0 0 0 0 0 0 0 0 0 0 0
0 ""  0 "11/13/12" "20:25:05" "11/13/12" "20:25:39" 0 0 
0 0 0 0 0 0 0 0 0 0 0 0 
0 0 0.000000 0 0 0.000000 0.000000 
0 0 0 0 0 0
00201725 5 0 0 "Vbrace" ""  0
"H150X150" "A36" 0.000000 0 0
0.000000 0.000000 1.000000 7085.9000 6451.0000 27.3000 7085.9000 6448.8500 30.4030 0.000000 0.000000
0.000000 0.000000
0.0000 0.0000 0.0000 0.0000 0.0000 0.0000
0 0 0 0 0 0 0 0 0 0 0 0
0 ""  0 "11/13/12" "20:25:14" "11/13/12" "20:25:31" 0 0 
0 0 0 0 0 0 0 0 0 0 0 0 
0 0 0.000000 0 0 0.000000 0.000000 
0 0 0 0 0 0
00201726 5 0 0 "Vbrace" ""  0
"H150X150" "A36" 0.000000 0 0
0.000000 0.000000 1.000000 7085.9000 6446.5000 30.8000 7085.9000 6448.6500 33.9930 0.000000 0.000000
0.000000 0.000000
0.0000 0.0000 0.0000 0.0000 0.0000 0.0000
0 0 0 0 0 0 0 0 0 0 0 0
0 ""  0 "11/13/12" "20:25:42" "11/13/12" "20:25:50" 0 0 
0 0 0 0 0 0 0 0 0 0 0 0 
0 0 0.000000 0 0 0.000000 0.000000 
0 0 0 0 0 0
00201727 5 0 0 "Vbrace" ""  0
"H150X150" "A36" 0.000000 0 0
0.000000 0.000000 1.000000 7085.9000 6451.0000 30.8000 7085.9000 6448.8500 33.9930 0.000000 0.000000
0.000000 0.000000
0.0000 0.0000 0.0000 0.0000 0.0000 0.0000
0 0 0 0 0 0 0 0 0 0 0 0
0 ""  0 "11/13/12" "20:25:44" "11/13/12" "20:25:54" 0 0 
0 0 0 0 0 0 0 0 0 0 0 0 
0 0 0.000000 0 0 0.000000 0.000000 
0 0 0 0 0 0
00201728 8 0 0 "Vbrace" ""  0
"T150X150" "A36" 270.000000 0 0
0.000000 0.000000 1.000000 7104.1000 6434.5000 25.8500 7104.1000 6433.5000 26.8500 0.000000 0.000000
0.000000 0.000000
0.0000 0.0000 0.0000 0.0000 0.0000 0.0000
0 0 0 0 0 0 0 0 0 0 0 0
0 ""  0 "11/13/12" "20:26:44" "12/21/12" "10:50:11" 0 0 
0 0 0 0 0 0 0 0 0 0 0 0 
0 0 0.000000 0 0 0.000000 0.000000 
0 0 0 0 0 0
00201729 5 0 0 "Vbrace" ""  0
"H150X150" "A36" 0.000000 0 0
0.000000 0.000000 1.000000 7104.1000 6446.5000 30.8000 7104.1000 6448.6500 33.9930 0.000000 0.000000
0.000000 0.000000
0.0000 0.0000 0.0000 0.0000 0.0000 0.0000
0 0 0 0 0 0 0 0 0 0 0 0
0 ""  0 "11/13/12" "20:26:44" "11/13/12" "20:26:44" 0 0 
0 0 0 0 0 0 0 0 0 0 0 0 
0 0 0.000000 0 0 0.000000 0.000000 
0 0 0 0 0 0
00201730 5 0 0 "Vbrace" ""  0
"H150X150" "A36" 0.000000 0 0
0.000000 0.000000 1.000000 7104.1000 6451.0000 30.8000 7104.1000 6448.8500 33.9930 0.000000 0.000000
0.000000 0.000000
0.0000 0.0000 0.0000 0.0000 0.0000 0.0000
0 0 0 0 0 0 0 0 0 0 0 0
0 ""  0 "11/13/12" "20:26:44" "11/13/12" "20:26:44" 0 0 
0 0 0 0 0 0 0 0 0 0 0 0 
0 0 0.000000 0 0 0.000000 0.000000 
0 0 0 0 0 0
00201731 5 0 0 "Vbrace" ""  0
"H150X150" "A36" 0.000000 0 0
0.000000 0.000000 1.000000 7104.1000 6446.5000 27.3000 7104.1000 6448.6500 30.4030 0.000000 0.000000
0.000000 0.000000
0.0000 0.0000 0.0000 0.0000 0.0000 0.0000
0 0 0 0 0 0 0 0 0 0 0 0
0 ""  0 "11/13/12" "20:26:44" "11/13/12" "20:26:44" 0 0 
0 0 0 0 0 0 0 0 0 0 0 0 
0 0 0.000000 0 0 0.000000 0.000000 
0 0 0 0 0 0
00201732 5 0 0 "Vbrace" ""  0
"H150X150" "A36" 0.000000 0 0
0.000000 0.000000 1.000000 7104.1000 6451.0000 27.3000 7104.1000 6448.8500 30.4030 0.000000 0.000000
0.000000 0.000000
0.0000 0.0000 0.0000 0.0000 0.0000 0.0000
0 0 0 0 0 0 0 0 0 0 0 0
0 ""  0 "11/13/12" "20:26:44" "11/13/12" "20:26:44" 0 0 
0 0 0 0 0 0 0 0 0 0 0 0 
0 0 0.000000 0 0 0.000000 0.000000 
0 0 0 0 0 0
00201733 5 0 0 "Vbrace" ""  0
"H250X250" "A36" 0.000000 0 0
0.000000 0.000000 1.000000 7104.1000 6446.5000 23.6000 7104.1000 6448.6500 26.8300 0.000000 0.000000
0.000000 0.000000
0.0000 0.0000 0.0000 0.0000 0.0000 0.0000
0 0 0 0 0 0 0 0 0 0 0 0
0 ""  0 "11/13/12" "20:26:44" "4/29/13" "16:47:32" 0 0 
0 0 0 0 0 0 0 0 0 0 0 0 
0 0 0.000000 0 0 0.000000 0.000000 
0 0 0 0 0 0
00201734 5 0 0 "Vbrace" ""  0
"H250X250" "A36" 0.000000 0 0
0.000000 0.000000 1.000000 7104.1000 6451.0000 23.6000 7104.1000 6448.8500 26.8300 0.000000 0.000000
0.000000 0.000000
0.0000 0.0000 0.0000 0.0000 0.0000 0.0000
0 0 0 0 0 0 0 0 0 0 0 0
0 ""  0 "11/13/12" "20:26:44" "4/29/13" "16:47:26" 0 0 
0 0 0 0 0 0 0 0 0 0 0 0 
0 0 0.000000 0 0 0.000000 0.000000 
0 0 0 0 0 0
00201735 8 0 0 "Vbrace" ""  0
"T150X150" "A36" 90.000000 0 0
0.000000 0.000000 1.000000 7104.1000 6451.0000 25.8500 7104.1000 6452.0000 26.8500 0.000000 0.000000
0.000000 0.000000
0.0000 0.0000 0.0000 0.0000 0.0000 0.0000
0 0 0 0 0 0 0 0 0 0 0 0
0 ""  0 "11/13/12" "20:26:44" "12/21/12" "10:50:37" 0 0 
0 0 0 0 0 0 0 0 0 0 0 0 
0 0 0.000000 0 0 0.000000 0.000000 
0 0 0 0 0 0
00201736 8 0 0 "Vbrace" ""  0
"T150X150" "A36" 90.000000 0 0
0.000000 0.000000 1.000000 7088.9000 6434.5000 25.8500 7088.9000 6433.5000 26.8500 0.000000 0.000000
0.000000 0.000000
0.0000 0.0000 0.0000 0.0000 0.0000 0.0000
0 0 0 0 0 0 0 0 0 0 0 0
0 ""  0 "11/13/12" "20:28:08" "12/21/12" "10:51:36" 0 0 
0 0 0 0 0 0 0 0 0 0 0 0 
0 0 0.000000 0 0 0.000000 0.000000 
0 0 0 0 0 0
00201737 8 0 0 "Vbrace" ""  0
"T150X150" "A36" 270.000000 0 0
0.000000 0.000000 1.000000 7088.9000 6451.0000 25.8500 7088.9000 6452.0000 26.8500 0.000000 0.000000
0.000000 0.000000
0.0000 0.0000 0.0000 0.0000 0.0000 0.0000
0 0 0 0 0 0 0 0 0 0 0 0
0 ""  0 "11/13/12" "20:28:08" "12/21/12" "10:52:19" 0 0 
0 0 0 0 0 0 0 0 0 0 0 0 
0 0 0.000000 0 0 0.000000 0.000000 
0 0 0 0 0 0
00201738 8 0 0 "Vbrace" ""  0
"T150X150" "A36" 90.000000 0 0
0.000000 0.000000 1.000000 7101.1000 6434.5000 25.8500 7101.1000 6433.5000 26.8500 0.000000 0.000000
0.000000 0.000000
0.0000 0.0000 0.0000 0.0000 0.0000 0.0000
0 0 0 0 0 0 0 0 0 0 0 0
0 ""  0 "11/13/12" "20:28:31" "5/07/13" "15:50:21" 0 0 
0 0 0 0 0 0 0 0 0 0 0 0 
0 0 0.000000 0 0 0.000000 0.000000 
0 0 0 0 0 0
00201739 8 0 0 "Vbrace" ""  0
"T150X150" "A36" 270.000000 0 0
0.000000 0.000000 1.000000 7101.1000 6451.0000 25.8500 7101.1000 6452.0000 26.8500 0.000000 0.000000
0.000000 0.000000
0.0000 0.0000 0.0000 0.0000 0.0000 0.0000
0 0 0 0 0 0 0 0 0 0 0 0
0 ""  0 "11/13/12" "20:28:31" "5/07/13" "15:50:37" 0 0 
0 0 0 0 0 0 0 0 0 0 0 0 
0 0 0.000000 0 0 0.000000 0.000000 
0 0 0 0 0 0
00201740 8 0 0 "Beam" ""  0
"H194X150" "A36" 0.000000 0 0
0.000000 0.000000 1.000000 7085.9000 6451.0000 34.0900 7084.2000 6451.0000 34.0900 0.000000 0.000000
0.000000 0.000000
0.0000 0.0000 0.0000 0.0000 0.0000 0.0000
0 0 0 0 0 0 0 0 0 0 0 0
0 ""  0 "11/13/12" "20:29:14" "11/19/12" "13:33:14" 0 0 
0 0 0 0 0 0 0 0 0 0 0 0 
0 0 0.000000 0 0 0.000000 0.000000 
0 0 0 0 0 0
00201741 8 0 0 "Beam" ""  0
"H194X150" "A36" 0.000000 0 0
0.000000 0.000000 1.000000 7105.8000 6451.0000 34.0900 7104.1000 6451.0000 34.0900 0.000000 0.000000
0.000000 0.000000
0.0000 0.0000 0.0000 0.0000 0.0000 0.0000
0 0 0 0 0 0 0 0 0 0 0 0
0 ""  0 "11/13/12" "20:29:39" "11/19/12" "13:33:40" 0 0 
0 0 0 0 0 0 0 0 0 0 0 0 
0 0 0.000000 0 0 0.000000 0.000000 
0 0 0 0 0 0
00201742 8 0 0 "Vbrace" ""  0
"T150X150" "A36" 90.000000 0 0
0.000000 0.000000 1.000000 7085.9000 6451.0000 25.5500 7084.6000 6451.0000 26.8500 0.000000 0.000000
0.000000 0.000000
0.0000 0.0000 0.0000 0.0000 0.0000 0.0000
0 0 0 0 0 0 0 0 0 0 0 0
0 ""  0 "11/13/12" "20:31:13" "12/21/12" "11:18:18" 0 0 
0 0 0 0 0 0 0 0 0 0 0 0 
0 0 0.000000 0 0 0.000000 0.000000 
0 0 0 0 0 0
00201743 4 0 0 "Vbrace" ""  0
"L90X7" "A36" 180.000000 0 0
0.000000 0.000000 1.000000 7089.0000 6451.0000 26.0500 7089.8000 6451.0000 26.8500 0.000000 0.000000
0.000000 0.000000
0.0000 0.0000 0.0000 0.0000 0.0000 0.0000
0 0 0 0 0 0 0 0 0 0 0 0
0 ""  0 "11/13/12" "20:31:19" "5/07/13" "15:39:35" 0 0 
0 0 0 0 0 0 0 0 0 0 0 0 
0 0 0.000000 0 0 0.000000 0.000000 
0 0 0 0 0 0
00201744 4 0 0 "Vbrace" ""  0
"L90X7" "A36" 180.000000 0 1
0.000000 0.000000 1.000000 7101.0000 6451.0000 26.0500 7100.2000 6451.0000 26.8500 0.000000 0.000000
0.000000 0.000000
0.0000 0.0000 0.0000 0.0000 0.0000 0.0000
0 0 0 0 0 0 0 0 0 0 0 0
0 ""  0 "11/13/12" "20:31:31" "5/07/13" "15:39:14" 0 0 
0 0 0 0 0 0 0 0 0 0 0 0 
0 0 0.000000 0 0 0.000000 0.000000 
0 0 0 0 0 0
00201745 8 0 0 "Vbrace" ""  0
"T150X150" "A36" 270.000000 0 0
0.000000 0.000000 1.000000 7104.1000 6451.0000 25.5500 7105.4000 6451.0000 26.8500 0.000000 0.000000
0.000000 0.000000
0.0000 0.0000 0.0000 0.0000 0.0000 0.0000
0 0 0 0 0 0 0 0 0 0 0 0
0 ""  0 "11/13/12" "20:31:38" "12/21/12" "11:20:40" 0 0 
0 0 0 0 0 0 0 0 0 0 0 0 
0 0 0.000000 0 0 0.000000 0.000000 
0 0 0 0 0 0
00201746 8 0 0 "Vbrace" ""  0
"T150X150" "A36" 90.000000 0 0
0.000000 0.000000 1.000000 7085.9000 6446.5000 25.3500 7084.4000 6446.5000 26.8500 0.000000 0.000000
0.000000 0.000000
0.0000 0.0000 0.0000 0.0000 0.0000 0.0000
0 0 0 0 0 0 0 0 0 0 0 0
0 ""  0 "11/13/12" "20:32:15" "12/21/12" "11:21:51" 0 0 
0 0 0 0 0 0 0 0 0 0 0 0 
0 0 0.000000 0 0 0.000000 0.000000 
0 0 0 0 0 0
00201747 8 0 0 "Vbrace" ""  0
"T150X150" "A36" 90.000000 0 0
0.000000 0.000000 1.000000 7088.9000 6446.5000 25.8250 7089.9000 6446.5000 26.8250 0.000000 0.000000
0.000000 0.000000
0.0000 0.0000 0.0000 0.0000 0.0000 0.0000
0 0 0 0 0 0 0 0 0 0 0 0
0 ""  0 "11/13/12" "20:32:15" "4/29/13" "16:58:13" 0 0 
0 0 0 0 0 0 0 0 0 0 0 0 
0 0 0.000000 0 0 0.000000 0.000000 
0 0 0 0 0 0
00201748 8 0 0 "Vbrace" ""  0
"T150X150" "A36" 90.000000 0 1
0.000000 0.000000 1.000000 7101.1000 6446.5000 25.8250 7100.1000 6446.5000 26.8250 0.000000 0.000000
0.000000 0.000000
0.0000 0.0000 0.0000 0.0000 0.0000 0.0000
0 0 0 0 0 0 0 0 0 0 0 0
0 ""  0 "11/13/12" "20:32:15" "4/29/13" "16:58:26" 0 0 
0 0 0 0 0 0 0 0 0 0 0 0 
0 0 0.000000 0 0 0.000000 0.000000 
0 0 0 0 0 0
00201749 8 0 0 "Vbrace" ""  0
"T150X150" "A36" 270.000000 0 0
0.000000 0.000000 1.000000 7104.1000 6446.5000 25.3250 7105.6000 6446.5000 26.8250 0.000000 0.000000
0.000000 0.000000
0.0000 0.0000 0.0000 0.0000 0.0000 0.0000
0 0 0 0 0 0 0 0 0 0 0 0
0 ""  0 "11/13/12" "20:32:15" "11/13/12" "20:32:15" 0 0 
0 0 0 0 0 0 0 0 0 0 0 0 
0 0 0.000000 0 0 0.000000 0.000000 
0 0 0 0 0 0
00201750 8 0 0 "Vbrace" ""  0
"T150X150" "A36" 90.000000 0 0
0.000000 0.000000 1.000000 7085.9000 6439.5000 25.3250 7084.4000 6439.5000 26.8250 0.000000 0.000000
0.000000 0.000000
0.0000 0.0000 0.0000 0.0000 0.0000 0.0000
0 0 0 0 0 0 0 0 0 0 0 0
0 ""  0 "11/13/12" "20:32:35" "12/21/12" "11:35:52" 0 0 
0 0 0 0 0 0 0 0 0 0 0 0 
0 0 0.000000 0 0 0.000000 0.000000 
0 0 0 0 0 0
00201751 8 0 0 "Vbrace" ""  0
"T150X150" "A36" 270.000000 0 0
0.000000 0.000000 1.000000 7088.9000 6439.5000 25.8250 7089.9000 6439.5000 26.8250 0.000000 0.000000
0.000000 0.000000
0.0000 0.0000 0.0000 0.0000 0.0000 0.0000
0 0 0 0 0 0 0 0 0 0 0 0
0 ""  0 "11/13/12" "20:32:35" "4/29/13" "16:58:49" 0 0 
0 0 0 0 0 0 0 0 0 0 0 0 
0 0 0.000000 0 0 0.000000 0.000000 
0 0 0 0 0 0
00201752 8 0 0 "Vbrace" ""  0
"T150X150" "A36" 90.000000 0 1
0.000000 0.000000 1.000000 7101.1000 6439.5000 25.8250 7100.1000 6439.5000 26.8250 0.000000 0.000000
0.000000 0.000000
0.0000 0.0000 0.0000 0.0000 0.0000 0.0000
0 0 0 0 0 0 0 0 0 0 0 0
0 ""  0 "11/13/12" "20:32:35" "4/29/13" "16:58:45" 0 0 
0 0 0 0 0 0 0 0 0 0 0 0 
0 0 0.000000 0 0 0.000000 0.000000 
0 0 0 0 0 0
00201753 8 0 0 "Vbrace" ""  0
"T150X150" "A36" 270.000000 0 0
0.000000 0.000000 1.000000 7104.1000 6439.5000 24.8250 7106.1000 6439.5000 26.8250 0.000000 0.000000
0.000000 0.000000
0.0000 0.0000 0.0000 0.0000 0.0000 0.0000
0 0 0 0 0 0 0 0 0 0 0 0
0 ""  0 "11/13/12" "20:32:35" "5/07/13" "15:48:17" 0 0 
0 0 0 0 0 0 0 0 0 0 0 0 
0 0 0.000000 0 0 0.000000 0.000000 
0 0 0 0 0 0
00201754 8 0 0 "Vbrace" ""  0
"T150X150" "A36" 270.000000 0 0
0.000000 0.000000 1.000000 7085.9000 6434.5000 25.5500 7084.6000 6434.5000 26.8500 0.000000 0.000000
0.000000 0.000000
0.0000 0.0000 0.0000 0.0000 0.0000 0.0000
0 0 0 0 0 0 0 0 0 0 0 0
0 ""  0 "11/13/12" "20:33:03" "12/21/12" "11:36:58" 0 0 
0 0 0 0 0 0 0 0 0 0 0 0 
0 0 0.000000 0 0 0.000000 0.000000 
0 0 0 0 0 0
00201755 4 0 0 "Vbrace" ""  0
"L90X7" "A36" 180.000000 0 1
0.000000 0.000000 1.000000 7088.9000 6434.5000 25.9500 7089.8000 6434.5000 26.8500 0.000000 0.000000
0.000000 0.000000
0.0000 0.0000 0.0000 0.0000 0.0000 0.0000
0 0 0 0 0 0 0 0 0 0 0 0
0 ""  0 "11/13/12" "20:33:03" "5/07/13" "15:49:15" 0 0 
0 0 0 0 0 0 0 0 0 0 0 0 
0 0 0.000000 0 0 0.000000 0.000000 
0 0 0 0 0 0
00201756 4 0 0 "Vbrace" ""  0
"L90X7" "A36" 180.000000 0 0
0.000000 0.000000 1.000000 7101.1000 6434.5000 25.9500 7100.2000 6434.5000 26.8500 0.000000 0.000000
0.000000 0.000000
0.0000 0.0000 0.0000 0.0000 0.0000 0.0000
0 0 0 0 0 0 0 0 0 0 0 0
0 ""  0 "11/13/12" "20:33:03" "5/07/13" "15:49:34" 0 0 
0 0 0 0 0 0 0 0 0 0 0 0 
0 0 0.000000 0 0 0.000000 0.000000 
0 0 0 0 0 0
00201757 8 0 0 "Vbrace" ""  0
"T150X150" "A36" 90.000000 0 0
0.000000 0.000000 1.000000 7104.1000 6434.5000 25.5500 7105.4000 6434.5000 26.8500 0.000000 0.000000
0.000000 0.000000
0.0000 0.0000 0.0000 0.0000 0.0000 0.0000
0 0 0 0 0 0 0 0 0 0 0 0
0 ""  0 "11/13/12" "20:33:03" "12/21/12" "11:38:22" 0 0 
0 0 0 0 0 0 0 0 0 0 0 0 
0 0 0.000000 0 0 0.000000 0.000000 
0 0 0 0 0 0
00201758 8 0 0 "Beam" ""  0
"H194X150" "A36" 0.000000 0 0
0.000000 0.000000 1.000000 7085.9000 6446.5000 34.0900 7084.2000 6446.5000 34.0900 0.000000 0.000000
0.000000 0.000000
0.0000 0.0000 0.0000 0.0000 0.0000 0.0000
0 0 0 0 0 0 0 0 0 0 0 0
0 ""  0 "11/13/12" "20:33:42" "11/19/12" "13:33:17" 0 0 
0 0 0 0 0 0 0 0 0 0 0 0 
0 0 0.000000 0 0 0.000000 0.000000 
0 0 0 0 0 0
00201760 8 0 0 "Beam" ""  0
"H194X150" "A36" 0.000000 0 0
0.000000 0.000000 1.000000 7105.8000 6446.5000 34.0900 7104.1000 6446.5000 34.0900 0.000000 0.000000
0.000000 0.000000
0.0000 0.0000 0.0000 0.0000 0.0000 0.0000
0 0 0 0 0 0 0 0 0 0 0 0
0 ""  0 "11/13/12" "20:33:49" "4/29/13" "16:43:13" 0 0 
0 0 0 0 0 0 0 0 0 0 0 0 
0 0 0.000000 0 0 0.000000 0.000000 
0 0 0 0 0 0
00201761 8 0 0 "Beam" ""  0
"H194X150" "A36" 0.000000 0 0
0.000000 0.000000 1.000000 7085.9000 6439.5000 34.0900 7084.2000 6439.5000 34.0900 0.000000 0.000000
0.000000 0.000000
0.0000 0.0000 0.0000 0.0000 0.0000 0.0000
0 0 0 0 0 0 0 0 0 0 0 0
0 ""  0 "11/13/12" "20:34:04" "11/19/12" "13:33:23" 0 0 
0 0 0 0 0 0 0 0 0 0 0 0 
0 0 0.000000 0 0 0.000000 0.000000 
0 0 0 0 0 0
00201762 8 0 0 "Beam" ""  0
"H194X150" "A36" 0.000000 0 0
0.000000 0.000000 1.000000 7105.8000 6439.5000 34.0900 7104.1000 6439.5000 34.0900 0.000000 0.000000
0.000000 0.000000
0.0000 0.0000 0.0000 0.0000 0.0000 0.0000
0 0 0 0 0 0 0 0 0 0 0 0
0 ""  0 "11/13/12" "20:34:08" "11/19/12" "13:33:49" 0 0 
0 0 0 0 0 0 0 0 0 0 0 0 
0 0 0.000000 0 0 0.000000 0.000000 
0 0 0 0 0 0
00201763 8 0 0 "Beam" ""  0
"H194X150" "A36" 0.000000 0 0
0.000000 0.000000 1.000000 7084.3000 6446.5000 34.0900 7084.3000 6451.0000 34.0900 0.000000 0.000000
0.000000 0.000000
0.0000 0.0000 0.0000 0.0000 0.0000 0.0000
0 0 0 0 0 0 0 0 0 0 0 0
0 ""  0 "11/14/12" "13:18:51" "11/19/12" "13:32:42" 0 0 
0 0 0 0 0 0 0 0 0 0 0 0 
0 0 0.000000 0 0 0.000000 0.000000 
0 0 0 0 0 0
00201764 8 0 0 "Beam" ""  0
"H194X150" "A36" 0.000000 0 0
0.000000 0.000000 1.000000 7084.3000 6439.5000 34.0900 7084.3000 6446.5000 34.0900 0.000000 0.000000
0.000000 0.000000
0.0000 0.0000 0.0000 0.0000 0.0000 0.0000
0 0 0 0 0 0 0 0 0 0 0 0
0 ""  0 "11/14/12" "13:19:22" "11/19/12" "13:32:48" 0 0 
0 0 0 0 0 0 0 0 0 0 0 0 
0 0 0.000000 0 0 0.000000 0.000000 
0 0 0 0 0 0
00201765 8 0 0 "Beam" ""  0
"H194X150" "A36" 0.000000 0 0
0.000000 0.000000 1.000000 7105.7000 6439.5000 34.0900 7105.7000 6446.5000 34.0900 0.000000 0.000000
0.000000 0.000000
0.0000 0.0000 0.0000 0.0000 0.0000 0.0000
0 0 0 0 0 0 0 0 0 0 0 0
0 ""  0 "11/14/12" "13:19:28" "11/19/12" "13:33:36" 0 0 
0 0 0 0 0 0 0 0 0 0 0 0 
0 0 0.000000 0 0 0.000000 0.000000 
0 0 0 0 0 0
00201766 8 0 0 "Beam" ""  0
"H194X150" "A36" 0.000000 0 0
0.000000 0.000000 1.000000 7105.7000 6446.5000 34.0900 7105.7000 6451.0000 34.0900 0.000000 0.000000
0.000000 0.000000
0.0000 0.0000 0.0000 0.0000 0.0000 0.0000
0 0 0 0 0 0 0 0 0 0 0 0
0 ""  0 "11/14/12" "13:19:28" "11/19/12" "13:33:33" 0 0 
0 0 0 0 0 0 0 0 0 0 0 0 
0 0 0.000000 0 0 0.000000 0.000000 
0 0 0 0 0 0
00201767 8 0 0 "Vbrace" ""  0
"T150X150" "A36" 90.000000 0 0
0.000000 0.000000 1.000000 7085.9000 6451.0000 32.3930 7084.3000 6451.0000 33.9930 0.000000 0.000000
0.000000 0.000000
0.0000 0.0000 0.0000 0.0000 0.0000 0.0000
0 0 0 0 0 0 0 0 0 0 0 0
0 ""  0 "11/14/12" "13:20:29" "11/19/12" "13:34:11" 0 0 
0 0 0 0 0 0 0 0 0 0 0 0 
0 0 0.000000 0 0 0.000000 0.000000 
0 0 0 0 0 0
00201768 8 0 0 "Vbrace" ""  0
"T150X150" "A36" 270.000000 0 0
0.000000 0.000000 1.000000 7104.1000 6451.0000 32.3930 7105.7000 6451.0000 33.9930 0.000000 0.000000
0.000000 0.000000
0.0000 0.0000 0.0000 0.0000 0.0000 0.0000
0 0 0 0 0 0 0 0 0 0 0 0
0 ""  0 "11/14/12" "13:20:44" "11/19/12" "13:34:23" 0 0 
0 0 0 0 0 0 0 0 0 0 0 0 
0 0 0.000000 0 0 0.000000 0.000000 
0 0 0 0 0 0
00201769 8 0 0 "Vbrace" ""  0
"T150X150" "A36" 90.000000 0 0
0.000000 0.000000 1.000000 7085.9000 6446.5000 32.3930 7084.3000 6446.5000 33.9930 0.000000 0.000000
0.000000 0.000000
0.0000 0.0000 0.0000 0.0000 0.0000 0.0000
0 0 0 0 0 0 0 0 0 0 0 0
0 ""  0 "11/14/12" "13:20:55" "11/19/12" "13:34:33" 0 0 
0 0 0 0 0 0 0 0 0 0 0 0 
0 0 0.000000 0 0 0.000000 0.000000 
0 0 0 0 0 0
00201770 8 0 0 "Vbrace" ""  0
"T150X150" "A36" 270.000000 0 0
0.000000 0.000000 1.000000 7104.1000 6446.5000 32.3930 7105.7000 6446.5000 33.9930 0.000000 0.000000
0.000000 0.000000
0.0000 0.0000 0.0000 0.0000 0.0000 0.0000
0 0 0 0 0 0 0 0 0 0 0 0
0 ""  0 "11/14/12" "13:20:59" "5/07/13" "15:40:15" 0 0 
0 0 0 0 0 0 0 0 0 0 0 0 
0 0 0.000000 0 0 0.000000 0.000000 
0 0 0 0 0 0
00201771 8 0 0 "Vbrace" ""  0
"T150X150" "A36" 90.000000 0 0
0.000000 0.000000 1.000000 7085.9000 6439.5000 32.3930 7084.3000 6439.5000 33.9930 0.000000 0.000000
0.000000 0.000000
0.0000 0.0000 0.0000 0.0000 0.0000 0.0000
0 0 0 0 0 0 0 0 0 0 0 0
0 ""  0 "11/14/12" "13:21:14" "11/19/12" "13:34:55" 0 0 
0 0 0 0 0 0 0 0 0 0 0 0 
0 0 0.000000 0 0 0.000000 0.000000 
0 0 0 0 0 0
00201772 8 0 0 "Vbrace" ""  0
"T150X150" "A36" 270.000000 0 0
0.000000 0.000000 1.000000 7104.1000 6439.5000 32.3930 7105.7000 6439.5000 33.9930 0.000000 0.000000
0.000000 0.000000
0.0000 0.0000 0.0000 0.0000 0.0000 0.0000
0 0 0 0 0 0 0 0 0 0 0 0
0 ""  0 "11/14/12" "13:21:18" "11/19/12" "13:35:00" 0 0 
0 0 0 0 0 0 0 0 0 0 0 0 
0 0 0.000000 0 0 0.000000 0.000000 
0 0 0 0 0 0
00201773 8 0 0 "Hbrace" ""  0
"T150X150" "A36" 0.000000 0 0
0.000000 0.000000 1.000000 7084.4000 6448.9500 26.7900 7085.9000 6450.6750 26.7900 0.000000 0.000000
0.000000 0.000000
0.0000 0.0000 0.0000 0.0000 0.0000 0.0000
0 0 0 0 0 0 0 0 0 0 0 0
0 ""  0 "11/14/12" "13:23:41" "4/29/13" "16:50:49" 0 0 
0 0 0 0 0 0 0 0 0 0 0 0 
0 0 0.000000 0 0 0.000000 0.000000 
0 0 0 0 0 0
00201774 8 0 0 "Hbrace" ""  0
"T150X150" "A36" 0.000000 0 0
0.000000 0.000000 1.000000 7088.9000 6450.6750 26.7900 7089.9000 6449.6750 26.7900 0.000000 0.000000
0.000000 0.000000
0.0000 0.0000 0.0000 0.0000 0.0000 0.0000
0 0 0 0 0 0 0 0 0 0 0 0
0 ""  0 "11/14/12" "13:25:18" "4/29/13" "16:50:51" 0 0 
0 0 0 0 0 0 0 0 0 0 0 0 
0 0 0.000000 0 0 0.000000 0.000000 
0 0 0 0 0 0
00201776 8 0 0 "Hbrace" ""  0
"T150X150" "A36" 0.000000 0 1
0.000000 0.000000 1.000000 7084.4000 6448.5500 26.7900 7085.9000 6446.8250 26.7900 0.000000 0.000000
0.000000 0.000000
0.0000 0.0000 0.0000 0.0000 0.0000 0.0000
0 0 0 0 0 0 0 0 0 0 0 0
0 ""  0 "11/14/12" "13:26:48" "4/29/13" "16:50:49" 0 0 
0 0 0 0 0 0 0 0 0 0 0 0 
0 0 0.000000 0 0 0.000000 0.000000 
0 0 0 0 0 0
00201777 8 0 0 "Hbrace" ""  0
"T150X150" "A36" 0.000000 0 1
0.000000 0.000000 1.000000 7088.9000 6446.8250 26.7900 7089.9000 6447.8250 26.7900 0.000000 0.000000
0.000000 0.000000
0.0000 0.0000 0.0000 0.0000 0.0000 0.0000
0 0 0 0 0 0 0 0 0 0 0 0
0 ""  0 "11/14/12" "13:26:51" "4/29/13" "16:50:51" 0 0 
0 0 0 0 0 0 0 0 0 0 0 0 
0 0 0.000000 0 0 0.000000 0.000000 
0 0 0 0 0 0
00201780 2 0 0 "Hbrace" ""  0
"L75X6" "A36" 180.000000 0 0
0.000000 0.000000 1.000000 7100.1000 6449.6750 26.7900 7101.1000 6450.6750 26.7900 0.000000 0.000000
0.000000 0.000000
0.0000 0.0000 0.0000 0.0000 0.0000 0.0000
0 0 0 0 0 0 0 0 0 0 0 0
0 ""  0 "11/14/12" "13:28:13" "12/20/12" "19:54:34" 0 0 
0 0 0 0 0 0 0 0 0 0 0 0 
0 0 0.000000 0 0 0.000000 0.000000 
0 0 0 0 0 0
00201781 2 0 0 "Hbrace" ""  0
"L75X6" "A36" 180.000000 0 1
0.000000 0.000000 1.000000 7100.1000 6447.8250 26.7900 7101.1000 6446.8250 26.7900 0.000000 0.000000
0.000000 0.000000
0.0000 0.0000 0.0000 0.0000 0.0000 0.0000
0 0 0 0 0 0 0 0 0 0 0 0
0 ""  0 "11/14/12" "13:28:26" "12/20/12" "19:54:35" 0 0 
0 0 0 0 0 0 0 0 0 0 0 0 
0 0 0.000000 0 0 0.000000 0.000000 
0 0 0 0 0 0
00201782 7 0 0 "Beam" ""  0
"C150X75" "A36" 0.000000 0 0
0.000000 0.000000 1.000000 7088.9000 6433.9000 27.0000 7089.9000 6433.9000 27.0000 0.000000 0.000000
0.000000 0.000000
-0.0000 0.0000 0.0000 -0.0000 0.0000 0.0000
0 0 0 0 0 0 0 0 0 0 0 0
0 ""  0 "12/20/12" "19:33:10" "12/20/12" "19:33:10" 0 0 
0 0 0 0 0 0 0 0 0 0 0 0 
0 0 0.000000 0 0 0.000000 0.000000 
0 0 0 0 0 0
00201784 2 0 0 "Hbrace" ""  0
"T150X150" "A36" 180.000000 0 0
0.000000 0.000000 1.000000 7084.4000 6438.6100 26.8400 7085.9000 6439.1750 26.7900 0.000000 0.000000
0.000000 0.000000
0.0000 0.0000 0.0000 0.0000 0.0000 0.0000
0 0 0 0 0 0 0 0 0 0 0 0
0 ""  0 "12/20/12" "19:35:50" "4/29/13" "16:53:13" 0 0 
0 0 0 0 0 0 0 0 0 0 0 0 
0 0 0.000000 0 0 0.000000 0.000000 
0 0 0 0 0 0
00201785 2 0 0 "Hbrace" ""  0
"T150X150" "A36" 180.000000 0 1
0.000000 0.000000 1.000000 7084.4000 6436.8000 26.7900 7085.9000 6434.8250 26.7900 0.000000 0.000000
0.000000 0.000000
0.0000 0.0000 0.0000 0.0000 0.0000 0.0000
0 0 0 0 0 0 0 0 0 0 0 0
0 ""  0 "12/20/12" "19:36:19" "4/29/13" "16:51:36" 0 0 
0 0 0 0 0 0 0 0 0 0 0 0 
0 0 0.000000 0 0 0.000000 0.000000 
0 0 0 0 0 0
00201786 2 0 0 "Hbrace" ""  0
"T150X150" "A36" 180.000000 0 0
0.000000 0.000000 1.000000 7088.9000 6439.1750 26.7900 7089.9000 6438.1750 26.7900 0.000000 0.000000
0.000000 0.000000
0.0000 0.0000 0.0000 0.0000 0.0000 0.0000
0 0 0 0 0 0 0 0 0 0 0 0
0 ""  0 "12/20/12" "19:36:27" "4/29/13" "16:52:11" 0 0 
0 0 0 0 0 0 0 0 0 0 0 0 
0 0 0.000000 0 0 0.000000 0.000000 
0 0 0 0 0 0
00201787 2 0 0 "Hbrace" ""  0
"T150X150" "A36" 180.000000 0 1
0.000000 0.000000 1.000000 7088.9000 6434.8250 26.7900 7089.9000 6435.8250 26.5800 0.000000 0.000000
0.000000 0.000000
0.0000 0.0000 0.0000 0.0000 0.0000 0.0000
0 0 0 0 0 0 0 0 0 0 0 0
0 ""  0 "12/20/12" "19:36:41" "4/29/13" "16:51:39" 0 0 
0 0 0 0 0 0 0 0 0 0 0 0 
0 0 0.000000 0 0 0.000000 0.000000 
0 0 0 0 0 0
00201788 8 0 0 "Hbrace" ""  0
"T150X150" "A36" 0.000000 0 1
0.000000 0.000000 1.000000 7084.4000 6452.0000 26.7900 7085.5750 6451.0000 26.7900 0.000000 0.000000
0.000000 0.000000
0.0000 0.0000 0.0000 0.0000 0.0000 0.0000
0 0 0 0 0 0 0 0 0 0 0 0
0 ""  0 "12/20/12" "19:41:45" "4/29/13" "16:50:48" 0 0 
0 0 0 0 0 0 0 0 0 0 0 0 
0 0 0.000000 0 0 0.000000 0.000000 
0 0 0 0 0 0
00201789 8 0 0 "Hbrace" ""  0
"T150X150" "A36" 0.000000 0 0
0.000000 0.000000 1.000000 7089.2250 6451.0000 26.7900 7089.9000 6452.0000 26.7900 0.000000 0.000000
0.000000 0.000000
0.0000 0.0000 0.0000 0.0000 0.0000 0.0000
0 0 0 0 0 0 0 0 0 0 0 0
0 ""  0 "12/20/12" "19:42:21" "5/07/13" "15:36:44" 0 0 
0 0 0 0 0 0 0 0 0 0 0 0 
0 0 0.000000 0 0 0.000000 0.000000 
0 0 0 0 0 0
00201790 2 0 0 "Hbrace" ""  0
"L75X6" "A36" 180.000000 0 0
0.000000 0.000000 1.000000 7084.4000 6433.5000 26.7900 7085.5750 6434.5000 26.7900 0.000000 0.000000
0.000000 0.000000
0.0000 0.0000 0.0000 0.0000 0.0000 0.0000
0 0 0 0 0 0 0 0 0 0 0 0
0 ""  0 "12/20/12" "19:42:46" "5/07/13" "15:37:48" 0 0 
0 0 0 0 0 0 0 0 0 0 0 0 
0 0 0.000000 0 0 0.000000 0.000000 
0 0 0 0 0 0
00201791 2 0 0 "Hbrace" ""  0
"L75X6" "A36" 180.000000 0 0
0.000000 0.000000 1.000000 7089.2250 6434.5000 26.7900 7089.9000 6433.5000 26.7900 0.000000 0.000000
0.000000 0.000000
0.0000 0.0000 0.0000 0.0000 0.0000 0.0000
0 0 0 0 0 0 0 0 0 0 0 0
0 ""  0 "12/20/12" "19:43:07" "5/07/13" "15:37:41" 0 0 
0 0 0 0 0 0 0 0 0 0 0 0 
0 0 0.000000 0 0 0.000000 0.000000 
0 0 0 0 0 0
00201792 7 0 0 "Beam" ""  0
"C150X75" "A36" 0.000000 0 0
0.000000 0.000000 1.000000 7088.9000 6451.6000 27.0000 7089.9000 6451.6000 27.0000 0.000000 0.000000
0.000000 0.000000
-0.0000 0.0000 0.0000 -0.0000 0.0000 0.0000
0 0 0 0 0 0 0 0 0 0 0 0
0 ""  0 "12/20/12" "19:44:28" "12/20/12" "19:44:36" 0 0 
0 0 0 0 0 0 0 0 0 0 0 0 
0 0 0.000000 0 0 0.000000 0.000000 
0 0 0 0 0 0
00201793 2 0 0 "Hbrace" ""  0
"L75X6" "A36" 180.000000 0 0
0.000000 0.000000 1.000000 7100.1000 6433.5000 26.7900 7101.1000 6434.1750 26.7900 0.000000 0.000000
0.000000 0.000000
0.0000 0.0000 0.0000 0.0000 0.0000 0.0000
0 0 0 0 0 0 0 0 0 0 0 0
0 ""  0 "12/20/12" "19:46:46" "2/22/13" "22:08:00" 0 0 
0 0 0 0 0 0 0 0 0 0 0 0 
0 0 0.000000 0 0 0.000000 0.000000 
0 0 0 0 0 0
00201794 2 0 0 "Hbrace" ""  0
"L75X6" "A36" 180.000000 0 0
0.000000 0.000000 1.000000 7104.4250 6434.5000 26.7900 7105.6000 6433.5000 26.7900 0.000000 0.000000
0.000000 0.000000
0.0000 0.0000 0.0000 0.0000 0.0000 0.0000
0 0 0 0 0 0 0 0 0 0 0 0
0 ""  0 "12/20/12" "19:47:27" "2/22/13" "22:08:02" 0 0 
0 0 0 0 0 0 0 0 0 0 0 0 
0 0 0.000000 0 0 0.000000 0.000000 
0 0 0 0 0 0
00201795 8 0 0 "Hbrace" ""  0
"T150X150" "A36" 0.000000 0 0
0.000000 0.000000 1.000000 7100.1000 6435.8250 26.7900 7101.1000 6434.8250 26.7900 0.000000 0.000000
0.000000 0.000000
0.0000 0.0000 0.0000 0.0000 0.0000 0.0000
0 0 0 0 0 0 0 0 0 0 0 0
0 ""  0 "12/20/12" "19:48:15" "4/29/13" "17:01:17" 0 0 
0 0 0 0 0 0 0 0 0 0 0 0 
0 0 0.000000 0 0 0.000000 0.000000 
0 0 0 0 0 0
00201796 8 0 0 "Hbrace" ""  0
"T150X150" "A36" 0.000000 0 0
0.000000 0.000000 1.000000 7100.1000 6438.1750 26.7900 7101.1000 6439.1750 26.7900 0.000000 0.000000
0.000000 0.000000
0.0000 0.0000 0.0000 0.0000 0.0000 0.0000
0 0 0 0 0 0 0 0 0 0 0 0
0 ""  0 "12/20/12" "19:49:07" "4/29/13" "17:01:16" 0 0 
0 0 0 0 0 0 0 0 0 0 0 0 
0 0 0.000000 0 0 0.000000 0.000000 
0 0 0 0 0 0
00201797 8 0 0 "Hbrace" ""  0
"T150X150" "A36" 0.000000 0 1
0.000000 0.000000 1.000000 7104.1000 6434.8250 26.7900 7105.6000 6436.8000 26.7900 0.000000 0.000000
0.000000 0.000000
0.0000 0.0000 0.0000 0.0000 0.0000 0.0000
0 0 0 0 0 0 0 0 0 0 0 0
0 ""  0 "12/20/12" "19:49:52" "4/29/13" "17:01:18" 0 0 
0 0 0 0 0 0 0 0 0 0 0 0 
0 0 0.000000 0 0 0.000000 0.000000 
0 0 0 0 0 0
00201798 8 0 0 "Hbrace" ""  0
"T150X150" "A36" 0.000000 0 0
0.000000 0.000000 1.000000 7104.1000 6439.1750 26.7900 7105.6000 6438.6100 26.8400 0.000000 0.000000
0.000000 0.000000
0.0000 0.0000 0.0000 0.0000 0.0000 0.0000
0 0 0 0 0 0 0 0 0 0 0 0
0 ""  0 "12/20/12" "19:50:08" "4/29/13" "17:01:19" 0 0 
0 0 0 0 0 0 0 0 0 0 0 0 
0 0 0.000000 0 0 0.000000 0.000000 
0 0 0 0 0 0
00201799 2 0 0 "Hbrace" ""  0
"L75X6" "A36" 180.000000 0 1
0.000000 0.000000 1.000000 7100.1000 6452.0000 26.7900 7101.1000 6451.3250 26.7900 0.000000 0.000000
0.000000 0.000000
0.0000 0.0000 0.0000 0.0000 0.0000 0.0000
0 0 0 0 0 0 0 0 0 0 0 0
0 ""  0 "12/20/12" "19:55:11" "2/22/13" "22:07:44" 0 0 
0 0 0 0 0 0 0 0 0 0 0 0 
0 0 0.000000 0 0 0.000000 0.000000 
0 0 0 0 0 0
00201800 2 0 0 "Hbrace" ""  0
"L75X6" "A36" 180.000000 0 0
0.000000 0.000000 1.000000 7104.4250 6451.0000 26.7900 7105.6000 6452.0000 26.7900 0.000000 0.000000
0.000000 0.000000
0.0000 0.0000 0.0000 0.0000 0.0000 0.0000
0 0 0 0 0 0 0 0 0 0 0 0
0 ""  0 "12/20/12" "19:55:47" "2/22/13" "22:07:46" 0 0 
0 0 0 0 0 0 0 0 0 0 0 0 
0 0 0.000000 0 0 0.000000 0.000000 
0 0 0 0 0 0
00201801 8 0 0 "Beam" ""  0
"H194X150" "A36" 0.000000 0 0
0.000000 0.000000 1.000000 7084.4000 6437.0000 27.0000 7083.5000 6437.0000 27.0000 0.000000 0.000000
0.000000 0.000000
0.0000 0.0000 0.0000 0.0000 0.0000 0.0000
0 0 0 0 0 0 0 0 0 0 0 0
0 ""  0 "4/16/13" "14:42:42" "4/16/13" "14:42:49" 0 0 
0 0 0 0 0 0 0 0 0 0 0 0 
0 0 0.000000 0 0 0.000000 0.000000 
0 0 0 0 0 0
00201802 8 0 0 "Beam" ""  0
"H194X150" "A36" 0.000000 0 0
0.000000 0.000000 1.000000 7083.9000 6437.0000 27.0000 7083.9000 6439.5000 27.0000 0.000000 0.000000
0.000000 0.000000
0.0000 0.0000 0.0000 0.0000 0.0000 0.0000
0 0 0 0 0 0 0 0 0 0 0 0
0 ""  0 "4/16/13" "14:42:55" "4/16/13" "14:43:06" 0 0 
0 0 0 0 0 0 0 0 0 0 0 0 
0 0 0.000000 0 0 0.000000 0.000000 
0 0 0 0 0 0
00201803 2 0 0 "Hbrace" ""  0
"L90X7" "A36" 180.000000 0 1
0.000000 0.000000 1.000000 7085.5750 6446.5000 33.9700 7084.3000 6445.2250 33.9700 0.000000 0.000000
0.000000 0.000000
0.0000 0.0000 0.0000 0.0000 0.0000 0.0000
0 0 0 0 0 0 0 0 0 0 0 0
0 ""  0 "4/29/13" "16:42:23" "4/29/13" "16:44:45" 0 0 
0 0 0 0 0 0 0 0 0 0 0 0 
0 0 0.000000 0 0 0.000000 0.000000 
0 0 0 0 0 0
00201804 2 0 0 "Hbrace" ""  0
"L90X7" "A36" 180.000000 0 0
0.000000 0.000000 1.000000 7085.5750 6439.5000 33.9700 7084.3000 6440.7750 33.9700 0.000000 0.000000
0.000000 0.000000
0.0000 0.0000 0.0000 0.0000 0.0000 0.0000
0 0 0 0 0 0 0 0 0 0 0 0
0 ""  0 "4/29/13" "16:42:43" "4/29/13" "16:44:45" 0 0 
0 0 0 0 0 0 0 0 0 0 0 0 
0 0 0.000000 0 0 0.000000 0.000000 
0 0 0 0 0 0
00201805 2 0 0 "Hbrace" ""  0
"L90X7" "A36" 180.000000 0 0
0.000000 0.000000 1.000000 7105.7000 6445.2250 33.9700 7104.4250 6446.5000 33.9700 0.000000 0.000000
0.000000 0.000000
0.0000 0.0000 0.0000 0.0000 0.0000 0.0000
0 0 0 0 0 0 0 0 0 0 0 0
0 ""  0 "4/29/13" "16:43:02" "4/29/13" "16:44:45" 0 0 
0 0 0 0 0 0 0 0 0 0 0 0 
0 0 0.000000 0 0 0.000000 0.000000 
0 0 0 0 0 0
00201806 2 0 0 "Hbrace" ""  0
"L90X7" "A36" 180.000000 0 0
0.000000 0.000000 1.000000 7104.4192 6439.5058 33.9700 7105.7000 6440.7750 33.9700 0.000000 0.000000
0.000000 0.000000
0.0000 0.0000 0.0000 0.0000 0.0000 0.0000
0 0 0 0 0 0 0 0 0 0 0 0
0 ""  0 "4/29/13" "16:43:36" "4/29/13" "16:44:45" 0 0 
0 0 0 0 0 0 0 0 0 0 0 0 
0 0 0.000000 0 0 0.000000 0.000000 
0 0 0 0 0 0
00201807 8 0 0 "Beam" ""  0
"H194X150" "A36" 0.000000 0 0
0.000000 0.000000 1.000000 7084.3000 6448.7500 34.0900 7085.9000 6448.7500 34.0900 0.000000 0.000000
0.000000 0.000000
0.0000 0.0000 0.0000 0.0000 0.0000 0.0000
0 0 0 0 0 0 0 0 0 0 0 0
0 ""  0 "4/29/13" "16:44:58" "4/29/13" "16:44:58" 0 0 
0 0 0 0 0 0 0 0 0 0 0 0 
0 0 0.000000 0 0 0.000000 0.000000 
0 0 0 0 0 0
00201808 8 0 0 "Beam" ""  0
"H194X150" "A36" 0.000000 0 0
0.000000 0.000000 1.000000 7104.1000 6448.7500 34.0900 7105.7000 6448.7500 34.0900 0.000000 0.000000
0.000000 0.000000
0.0000 0.0000 0.0000 0.0000 0.0000 0.0000
0 0 0 0 0 0 0 0 0 0 0 0
0 ""  0 "4/29/13" "16:45:02" "4/29/13" "16:45:02" 0 0 
0 0 0 0 0 0 0 0 0 0 0 0 
0 0 0.000000 0 0 0.000000 0.000000 
0 0 0 0 0 0
00201809 5 0 0 "Vbrace" ""  0
"H250X250" "A36" 0.000000 0 0
0.000000 0.000000 1.000000 7085.9000 6434.5000 23.6000 7085.9000 6436.9000 26.8300 0.000000 0.000000
0.000000 0.000000
0.0000 0.0000 0.0000 0.0000 0.0000 0.0000
0 0 0 0 0 0 0 0 0 0 0 0
0 ""  0 "4/29/13" "16:46:33" "4/29/13" "16:46:45" 0 0 
0 0 0 0 0 0 0 0 0 0 0 0 
0 0 0.000000 0 0 0.000000 0.000000 
0 0 0 0 0 0
00201810 5 0 0 "Vbrace" ""  0
"H250X250" "A36" 0.000000 0 0
0.000000 0.000000 1.000000 7085.9000 6439.5000 23.6000 7085.9000 6437.1000 26.8300 0.000000 0.000000
0.000000 0.000000
0.0000 0.0000 0.0000 0.0000 0.0000 0.0000
0 0 0 0 0 0 0 0 0 0 0 0
0 ""  0 "4/29/13" "16:46:36" "4/29/13" "16:46:48" 0 0 
0 0 0 0 0 0 0 0 0 0 0 0 
0 0 0.000000 0 0 0.000000 0.000000 
0 0 0 0 0 0
00201811 5 0 0 "Vbrace" ""  0
"H250X250" "A36" 0.000000 0 0
0.000000 0.000000 1.000000 7104.1000 6434.5000 23.6000 7104.1000 6436.9000 26.8300 0.000000 0.000000
0.000000 0.000000
0.0000 0.0000 0.0000 0.0000 0.0000 0.0000
0 0 0 0 0 0 0 0 0 0 0 0
0 ""  0 "4/29/13" "16:47:42" "4/29/13" "16:47:53" 0 0 
0 0 0 0 0 0 0 0 0 0 0 0 
0 0 0.000000 0 0 0.000000 0.000000 
0 0 0 0 0 0
00201812 5 0 0 "Vbrace" ""  0
"H250X250" "A36" 0.000000 0 0
0.000000 0.000000 1.000000 7104.1000 6439.5000 23.6000 7104.1000 6437.1000 26.8300 0.000000 0.000000
0.000000 0.000000
0.0000 0.0000 0.0000 0.0000 0.0000 0.0000
0 0 0 0 0 0 0 0 0 0 0 0
0 ""  0 "4/29/13" "16:47:45" "4/29/13" "16:47:55" 0 0 
0 0 0 0 0 0 0 0 0 0 0 0 
0 0 0.000000 0 0 0.000000 0.000000 
0 0 0 0 0 0
00201813 7 0 0 "Beam" ""  0
"C150X75" "A36" 0.000000 0 1
0.000000 0.000000 1.000000 7084.4000 6438.4100 27.0000 7085.9000 6438.4100 27.0000 0.000000 0.000000
0.000000 0.000000
-0.0000 0.0000 0.0000 -0.0000 0.0000 0.0000
0 0 0 0 0 0 0 0 0 0 0 0
0 ""  0 "4/29/13" "16:52:49" "4/29/13" "17:03:23" 0 0 
0 0 0 0 0 0 0 0 0 0 0 0 
0 0 0.000000 0 0 0.000000 0.000000 
0 0 0 0 0 0
00201814 7 0 0 "Beam" ""  0
"C150X75" "A36" 0.000000 0 0
0.000000 0.000000 1.000000 7104.1000 6438.4100 27.0000 7105.6000 6438.4100 27.0000 0.000000 0.000000
0.000000 0.000000
-0.0000 0.0000 0.0000 -0.0000 0.0000 0.0000
0 0 0 0 0 0 0 0 0 0 0 0
0 ""  0 "4/29/13" "16:53:48" "4/29/13" "16:53:54" 0 0 
0 0 0 0 0 0 0 0 0 0 0 0 
0 0 0.000000 0 0 0.000000 0.000000 
0 0 0 0 0 0
00201815 5 0 0 "Vbrace" ""  0
"H250X250" "A36" 0.000000 0 0
0.000000 0.000000 1.000000 7088.9000 6434.5000 23.6000 7088.9000 6436.9000 26.8300 0.000000 0.000000
0.000000 0.000000
0.0000 0.0000 0.0000 0.0000 0.0000 0.0000
0 0 0 0 0 0 0 0 0 0 0 0
0 ""  0 "4/29/13" "16:56:02" "4/29/13" "16:56:02" 0 0 
0 0 0 0 0 0 0 0 0 0 0 0 
0 0 0.000000 0 0 0.000000 0.000000 
0 0 0 0 0 0
00201816 5 0 0 "Vbrace" ""  0
"H250X250" "A36" 0.000000 0 0
0.000000 0.000000 1.000000 7088.9000 6439.5000 23.6000 7088.9000 6437.1000 26.8300 0.000000 0.000000
0.000000 0.000000
0.0000 0.0000 0.0000 0.0000 0.0000 0.0000
0 0 0 0 0 0 0 0 0 0 0 0
0 ""  0 "4/29/13" "16:56:06" "4/29/13" "16:56:06" 0 0 
0 0 0 0 0 0 0 0 0 0 0 0 
0 0 0.000000 0 0 0.000000 0.000000 
0 0 0 0 0 0
00201817 5 0 0 "Vbrace" ""  0
"H250X250" "A36" 0.000000 0 0
0.000000 0.000000 1.000000 7088.9000 6446.5000 23.6000 7088.9000 6448.6500 26.8300 0.000000 0.000000
0.000000 0.000000
0.0000 0.0000 0.0000 0.0000 0.0000 0.0000
0 0 0 0 0 0 0 0 0 0 0 0
0 ""  0 "4/29/13" "16:56:09" "4/29/13" "16:56:09" 0 0 
0 0 0 0 0 0 0 0 0 0 0 0 
0 0 0.000000 0 0 0.000000 0.000000 
0 0 0 0 0 0
00201818 5 0 0 "Vbrace" ""  0
"H250X250" "A36" 0.000000 0 0
0.000000 0.000000 1.000000 7088.9000 6451.0000 23.6000 7088.9000 6448.8500 26.8300 0.000000 0.000000
0.000000 0.000000
0.0000 0.0000 0.0000 0.0000 0.0000 0.0000
0 0 0 0 0 0 0 0 0 0 0 0
0 ""  0 "4/29/13" "16:56:13" "4/29/13" "16:56:13" 0 0 
0 0 0 0 0 0 0 0 0 0 0 0 
0 0 0.000000 0 0 0.000000 0.000000 
0 0 0 0 0 0
00201819 5 0 0 "Vbrace" ""  0
"H250X250" "A36" 0.000000 0 0
0.000000 0.000000 1.000000 7101.1000 6434.5000 23.6000 7101.1000 6436.9000 26.8300 0.000000 0.000000
0.000000 0.000000
0.0000 0.0000 0.0000 0.0000 0.0000 0.0000
0 0 0 0 0 0 0 0 0 0 0 0
0 ""  0 "4/29/13" "16:56:23" "4/29/13" "16:56:23" 0 0 
0 0 0 0 0 0 0 0 0 0 0 0 
0 0 0.000000 0 0 0.000000 0.000000 
0 0 0 0 0 0
00201820 5 0 0 "Vbrace" ""  0
"H250X250" "A36" 0.000000 0 0
0.000000 0.000000 1.000000 7101.1000 6439.5000 23.6000 7101.1000 6437.1000 26.8300 0.000000 0.000000
0.000000 0.000000
0.0000 0.0000 0.0000 0.0000 0.0000 0.0000
0 0 0 0 0 0 0 0 0 0 0 0
0 ""  0 "4/29/13" "16:56:26" "4/29/13" "16:56:26" 0 0 
0 0 0 0 0 0 0 0 0 0 0 0 
0 0 0.000000 0 0 0.000000 0.000000 
0 0 0 0 0 0
00201821 5 0 0 "Vbrace" ""  0
"H250X250" "A36" 0.000000 0 0
0.000000 0.000000 1.000000 7101.1000 6446.5000 23.6000 7101.1000 6448.6500 26.8300 0.000000 0.000000
0.000000 0.000000
0.0000 0.0000 0.0000 0.0000 0.0000 0.0000
0 0 0 0 0 0 0 0 0 0 0 0
0 ""  0 "4/29/13" "16:56:29" "4/29/13" "16:56:29" 0 0 
0 0 0 0 0 0 0 0 0 0 0 0 
0 0 0.000000 0 0 0.000000 0.000000 
0 0 0 0 0 0
00201822 5 0 0 "Vbrace" ""  0
"H250X250" "A36" 0.000000 0 0
0.000000 0.000000 1.000000 7101.1000 6451.0000 23.6000 7101.1000 6448.8500 26.8300 0.000000 0.000000
0.000000 0.000000
0.0000 0.0000 0.0000 0.0000 0.0000 0.0000
0 0 0 0 0 0 0 0 0 0 0 0
0 ""  0 "4/29/13" "16:56:34" "4/29/13" "16:56:34" 0 0 
0 0 0 0 0 0 0 0 0 0 0 0 
0 0 0.000000 0 0 0.000000 0.000000 
0 0 0 0 0 0
00201823 8 0 0 "Vbrace" ""  0
"T150X150" "A36" 90.000000 0 0
0.000000 0.000000 1.000000 7085.9000 6439.5000 24.8250 7083.9000 6439.5000 26.8250 0.000000 0.000000
0.000000 0.000000
0.0000 0.0000 0.0000 0.0000 0.0000 0.0000
0 0 0 0 0 0 0 0 0 0 0 0
0 ""  0 "5/07/13" "15:40:46" "5/07/13" "15:40:52" 0 0 
0 0 0 0 0 0 0 0 0 0 0 0 
0 0 0.000000 0 0 0.000000 0.000000 
0 0 0 0 0 0
00201824 8 0 0 "Beam" ""  0
"H194X150" "A36" 0.000000 0 0
0.000000 0.000000 1.000000 7105.6000 6437.0000 27.0000 7106.2000 6437.0000 27.0000 0.000000 0.000000
0.000000 0.000000
0.0000 0.0000 0.0000 0.0000 0.0000 0.0000
0 0 0 0 0 0 0 0 0 0 0 0
0 ""  0 "5/07/13" "15:46:37" "5/07/13" "15:48:28" 0 0 
0 0 0 0 0 0 0 0 0 0 0 0 
0 0 0.000000 0 0 0.000000 0.000000 
0 0 0 0 0 0
00201825 8 0 0 "Beam" ""  0
"H194X150" "A36" 0.000000 0 0
0.000000 0.000000 1.000000 7106.1000 6437.0000 27.0000 7106.1000 6439.5000 27.0000 0.000000 0.000000
0.000000 0.000000
0.0000 0.0000 0.0000 0.0000 0.0000 0.0000
0 0 0 0 0 0 0 0 0 0 0 0
0 ""  0 "5/07/13" "15:47:01" "5/07/13" "15:48:34" 0 0 
0 0 0 0 0 0 0 0 0 0 0 0 
0 0 0.000000 0 0 0.000000 0.000000 
0 0 0 0 0 0
