# Frameworks Plus Version : 11.00.01.02
Packet 00
"SDNF Version 3.0"
""
""
""
""
"7/17/19" "17:24:15"
0 ""
""
0
Packet 10
"millimeters" 243   
0001000442 5 0 0 "Column" ""  0
"H340X250" "JIS-SM490A" 0.000000 0 0
1.000000 0.000000 0.000000 2468500.0000 923500.0000 -99700.0000 2468500.0000 923500.0000 -86400.0000 0.000000 0.000000
0.000000 0.000000
0.0000 0.0000 0.0000 0.0000 0.0000 0.0000
0 0 0 0 0 0 0 0 0 0 0 0
0 ""  0 "1/29/19" "10:13:20" "7/02/19" "14:43:14" 0 0 
0 0 0 0 0 0 0 0 0 0 0 0 
0 0 0.000000 0 0 0.000000 0.000000 
0 0 0 0 0 0
0001000443 5 0 0 "Column" ""  0
"H340X250" "JIS-SM490A" 0.000000 0 0
1.000000 0.000000 0.000000 2474500.0000 923500.0000 -99700.0000 2474500.0000 923500.0000 -86400.0000 0.000000 0.000000
0.000000 0.000000
0.0000 0.0000 0.0000 0.0000 0.0000 0.0000
0 0 0 0 0 0 0 0 0 0 0 0
0 ""  0 "1/29/19" "10:13:20" "7/02/19" "14:43:09" 0 0 
0 0 0 0 0 0 0 0 0 0 0 0 
0 0 0.000000 0 0 0.000000 0.000000 
0 0 0 0 0 0
0001000444 5 0 0 "Column" ""  0
"H340X250" "JIS-SM490A" 0.000000 0 0
1.000000 0.000000 0.000000 2468500.0000 915000.0000 -99700.0000 2468500.0000 915000.0000 -86400.0000 0.000000 0.000000
0.000000 0.000000
0.0000 0.0000 0.0000 0.0000 0.0000 0.0000
0 0 0 0 0 0 0 0 0 0 0 0
0 ""  0 "1/29/19" "10:13:20" "7/02/19" "14:43:05" 0 0 
0 0 0 0 0 0 0 0 0 0 0 0 
0 0 0.000000 0 0 0.000000 0.000000 
0 0 0 0 0 0
0001000445 5 0 0 "Column" ""  0
"H340X250" "JIS-SM490A" 0.000000 0 0
1.000000 0.000000 0.000000 2474500.0000 915000.0000 -99700.0000 2474500.0000 915000.0000 -86400.0000 0.000000 0.000000
0.000000 0.000000
0.0000 0.0000 0.0000 0.0000 0.0000 0.0000
0 0 0 0 0 0 0 0 0 0 0 0
0 ""  0 "1/29/19" "10:13:20" "7/02/19" "14:43:02" 0 0 
0 0 0 0 0 0 0 0 0 0 0 0 
0 0 0.000000 0 0 0.000000 0.000000 
0 0 0 0 0 0
0001000452 8 0 0 "Beam" ""  0
"H294X200" "JIS-SM490A" 0.000000 0 0
0.000000 0.000000 1.000000 2474500.0000 923500.0000 -88500.0000 2468500.0000 923500.0000 -88500.0000 0.000000 0.000000
0.000000 0.000000
0.0000 0.0000 0.0000 0.0000 0.0000 0.0000
0 0 0 0 0 0 0 0 0 0 0 0
0 ""  0 "1/29/19" "10:13:20" "4/10/19" "13:55:16" 0 0 
0 0 0 0 0 0 0 0 0 0 0 0 
0 0 0.000000 0 0 0.000000 0.000000 
0 0 0 0 0 0
0001000453 8 0 0 "Beam" ""  0
"H294X200" "JIS-SM490A" 0.000000 0 0
0.000000 0.000000 1.000000 2474500.0000 915000.0000 -88500.0000 2468500.0000 915000.0000 -88500.0000 0.000000 0.000000
0.000000 0.000000
0.0000 0.0000 0.0000 0.0000 0.0000 0.0000
0 0 0 0 0 0 0 0 0 0 0 0
0 ""  0 "1/29/19" "10:13:20" "4/10/19" "13:54:35" 0 0 
0 0 0 0 0 0 0 0 0 0 0 0 
0 0 0.000000 0 0 0.000000 0.000000 
0 0 0 0 0 0
0001000456 8 0 0 "Beam" ""  0
"H194X150" "JIS-SM490A" 0.000000 0 0
0.000000 0.000000 1.000000 2468500.0000 923500.0000 -88500.0000 2468500.0000 915000.0000 -88500.0000 0.000000 0.000000
0.000000 0.000000
0.0000 0.0000 0.0000 0.0000 0.0000 0.0000
0 0 0 0 0 0 0 0 0 0 0 0
0 ""  0 "1/29/19" "10:13:20" "6/19/19" "09:57:12" 0 0 
0 0 0 0 0 0 0 0 0 0 0 0 
0 0 0.000000 0 0 0.000000 0.000000 
0 0 0 0 0 0
0001000457 8 0 0 "Beam" ""  0
"H194X150" "JIS-SM490A" 0.000000 0 0
0.000000 0.000000 1.000000 2474500.0000 923500.0000 -88500.0000 2474500.0000 915000.0000 -88500.0000 0.000000 0.000000
0.000000 0.000000
0.0000 0.0000 0.0000 0.0000 0.0000 0.0000
0 0 0 0 0 0 0 0 0 0 0 0
0 ""  0 "1/29/19" "10:13:20" "4/10/19" "14:01:38" 0 0 
0 0 0 0 0 0 0 0 0 0 0 0 
0 0 0.000000 0 0 0.000000 0.000000 
0 0 0 0 0 0
0001000459 5 0 0 "Column" ""  0
"H340X250" "JIS-SM490A" 0.000000 0 0
1.000000 0.000000 0.000000 2468500.0000 907000.0000 -99700.0000 2468500.0000 907000.0000 -86400.0000 0.000000 0.000000
0.000000 0.000000
0.0000 0.0000 0.0000 0.0000 0.0000 0.0000
0 0 0 0 0 0 0 0 0 0 0 0
0 ""  0 "1/29/19" "10:13:20" "7/02/19" "14:42:58" 0 0 
0 0 0 0 0 0 0 0 0 0 0 0 
0 0 0.000000 0 0 0.000000 0.000000 
0 0 0 0 0 0
0001000460 5 0 0 "Column" ""  0
"H340X250" "JIS-SM490A" 0.000000 0 0
1.000000 0.000000 0.000000 2474500.0000 907000.0000 -99700.0000 2474500.0000 907000.0000 -86400.0000 0.000000 0.000000
0.000000 0.000000
0.0000 0.0000 0.0000 0.0000 0.0000 0.0000
0 0 0 0 0 0 0 0 0 0 0 0
0 ""  0 "1/29/19" "10:13:20" "7/02/19" "14:42:54" 0 0 
0 0 0 0 0 0 0 0 0 0 0 0 
0 0 0.000000 0 0 0.000000 0.000000 
0 0 0 0 0 0
0001000461 8 0 0 "Beam" ""  0
"H294X200" "JIS-SM490A" 0.000000 0 0
0.000000 0.000000 1.000000 2474500.0000 907000.0000 -88500.0000 2468500.0000 907000.0000 -88500.0000 0.000000 0.000000
0.000000 0.000000
0.0000 0.0000 0.0000 0.0000 0.0000 0.0000
0 0 0 0 0 0 0 0 0 0 0 0
0 ""  0 "1/29/19" "10:13:20" "4/18/19" "17:10:31" 0 0 
0 0 0 0 0 0 0 0 0 0 0 0 
0 0 0.000000 0 0 0.000000 0.000000 
0 0 0 0 0 0
0001000462 8 0 0 "Beam" ""  0
"H244X175" "JIS-SM490A" 0.000000 0 0
0.000000 0.000000 1.000000 2474500.0000 918000.0000 -88500.0000 2468500.0000 918000.0000 -88500.0000 0.000000 0.000000
0.000000 0.000000
0.0000 0.0000 0.0000 0.0000 0.0000 0.0000
0 0 0 0 0 0 0 0 0 0 0 0
0 ""  0 "1/29/19" "10:13:20" "6/19/19" "19:26:18" 0 0 
0 0 0 0 0 0 0 0 0 0 0 0 
0 0 0.000000 0 0 0.000000 0.000000 
0 0 0 0 0 0
0001000469 8 0 0 "Beam" ""  0
"H340X250" "JIS-SM490A" 0.000000 0 0
0.000000 0.000000 1.000000 2474500.0000 923500.0000 -90500.0000 2468500.0000 923500.0000 -90500.0000 0.000000 0.000000
0.000000 0.000000
0.0000 0.0000 0.0000 0.0000 0.0000 0.0000
0 0 0 0 0 0 0 0 0 0 0 0
0 ""  0 "1/29/19" "10:13:20" "4/10/19" "13:55:16" 0 0 
0 0 0 0 0 0 0 0 0 0 0 0 
0 0 0.000000 0 0 0.000000 0.000000 
0 0 0 0 0 0
0001000470 8 0 0 "Beam" ""  0
"H340X250" "JIS-SM490A" 0.000000 0 0
0.000000 0.000000 1.000000 2474500.0000 915000.0000 -90500.0000 2468500.0000 915000.0000 -90500.0000 0.000000 0.000000
0.000000 0.000000
0.0000 0.0000 0.0000 0.0000 0.0000 0.0000
0 0 0 0 0 0 0 0 0 0 0 0
0 ""  0 "1/29/19" "10:13:20" "4/10/19" "13:54:35" 0 0 
0 0 0 0 0 0 0 0 0 0 0 0 
0 0 0.000000 0 0 0.000000 0.000000 
0 0 0 0 0 0
0001000473 8 0 0 "Beam" ""  0
"H244X175" "JIS-SM490A" 0.000000 0 0
0.000000 0.000000 1.000000 2468500.0000 923500.0000 -90500.0000 2468500.0000 915000.0000 -90500.0000 0.000000 0.000000
0.000000 0.000000
0.0000 0.0000 0.0000 0.0000 0.0000 0.0000
0 0 0 0 0 0 0 0 0 0 0 0
0 ""  0 "1/29/19" "10:13:20" "6/19/19" "19:22:39" 0 0 
0 0 0 0 0 0 0 0 0 0 0 0 
0 0 0.000000 0 0 0.000000 0.000000 
0 0 0 0 0 0
0001000474 8 0 0 "Beam" ""  0
"H244X175" "JIS-SM490A" 0.000000 0 0
0.000000 0.000000 1.000000 2474500.0000 923500.0000 -90500.0000 2474500.0000 915000.0000 -90500.0000 0.000000 0.000000
0.000000 0.000000
0.0000 0.0000 0.0000 0.0000 0.0000 0.0000
0 0 0 0 0 0 0 0 0 0 0 0
0 ""  0 "1/29/19" "10:13:20" "6/19/19" "19:22:41" 0 0 
0 0 0 0 0 0 0 0 0 0 0 0 
0 0 0.000000 0 0 0.000000 0.000000 
0 0 0 0 0 0
0001000476 8 0 0 "Beam" ""  0
"H340X250" "JIS-SM490A" 0.000000 0 0
0.000000 0.000000 1.000000 2474500.0000 907000.0000 -90500.0000 2468500.0000 907000.0000 -90500.0000 0.000000 0.000000
0.000000 0.000000
0.0000 0.0000 0.0000 0.0000 0.0000 0.0000
0 0 0 0 0 0 0 0 0 0 0 0
0 ""  0 "1/29/19" "10:13:20" "4/18/19" "17:10:31" 0 0 
0 0 0 0 0 0 0 0 0 0 0 0 
0 0 0.000000 0 0 0.000000 0.000000 
0 0 0 0 0 0
0001000477 8 0 0 "Beam" ""  0
"H294X200" "JIS-SM490A" 0.000000 0 0
0.000000 0.000000 1.000000 2474500.0000 915000.0000 -90500.0000 2474500.0000 907000.0000 -90500.0000 0.000000 0.000000
0.000000 0.000000
0.0000 0.0000 0.0000 0.0000 0.0000 0.0000
0 0 0 0 0 0 0 0 0 0 0 0
0 ""  0 "1/29/19" "10:13:20" "6/19/19" "19:22:31" 0 0 
0 0 0 0 0 0 0 0 0 0 0 0 
0 0 0.000000 0 0 0.000000 0.000000 
0 0 0 0 0 0
0001000478 8 0 0 "Beam" ""  0
"H294X200" "JIS-SM490A" 0.000000 0 0
0.000000 0.000000 1.000000 2468500.0000 915000.0000 -90500.0000 2468500.0000 907000.0000 -90500.0000 0.000000 0.000000
0.000000 0.000000
0.0000 0.0000 0.0000 0.0000 0.0000 0.0000
0 0 0 0 0 0 0 0 0 0 0 0
0 ""  0 "1/29/19" "10:13:20" "6/19/19" "19:22:29" 0 0 
0 0 0 0 0 0 0 0 0 0 0 0 
0 0 0.000000 0 0 0.000000 0.000000 
0 0 0 0 0 0
0001000479 8 0 0 "Beam" ""  0
"H244X175" "JIS-SM490A" 0.000000 0 0
0.000000 0.000000 1.000000 2474500.0000 918000.0000 -90500.0000 2468500.0000 918000.0000 -90500.0000 0.000000 0.000000
0.000000 0.000000
0.0000 0.0000 0.0000 0.0000 0.0000 0.0000
0 0 0 0 0 0 0 0 0 0 0 0
0 ""  0 "1/29/19" "10:13:20" "6/19/19" "19:22:43" 0 0 
0 0 0 0 0 0 0 0 0 0 0 0 
0 0 0.000000 0 0 0.000000 0.000000 
0 0 0 0 0 0
0001000480 8 0 0 "Beam" ""  0
"H244X175" "JIS-SM490A" 0.000000 0 0
0.000000 0.000000 1.000000 2474500.0000 910750.0000 -90500.0000 2468500.0000 910750.0000 -90500.0000 0.000000 0.000000
0.000000 0.000000
0.0000 0.0000 0.0000 0.0000 0.0000 0.0000
0 0 0 0 0 0 0 0 0 0 0 0
0 ""  0 "1/29/19" "10:13:20" "6/19/19" "19:22:56" 0 0 
0 0 0 0 0 0 0 0 0 0 0 0 
0 0 0.000000 0 0 0.000000 0.000000 
0 0 0 0 0 0
0001000487 8 0 0 "Beam" ""  0
"H340X250" "JIS-SM490A" 0.000000 0 0
0.000000 0.000000 1.000000 2474500.0000 923500.0000 -92500.0000 2468500.0000 923500.0000 -92500.0000 0.000000 0.000000
0.000000 0.000000
0.0000 0.0000 0.0000 0.0000 0.0000 0.0000
0 0 0 0 0 0 0 0 0 0 0 0
0 ""  0 "1/29/19" "10:13:20" "4/10/19" "13:55:16" 0 0 
0 0 0 0 0 0 0 0 0 0 0 0 
0 0 0.000000 0 0 0.000000 0.000000 
0 0 0 0 0 0
0001000488 8 0 0 "Beam" ""  0
"H340X250" "JIS-SM490A" 0.000000 0 0
0.000000 0.000000 1.000000 2474500.0000 915000.0000 -92500.0000 2468500.0000 915000.0000 -92500.0000 0.000000 0.000000
0.000000 0.000000
0.0000 0.0000 0.0000 0.0000 0.0000 0.0000
0 0 0 0 0 0 0 0 0 0 0 0
0 ""  0 "1/29/19" "10:13:20" "4/10/19" "13:54:35" 0 0 
0 0 0 0 0 0 0 0 0 0 0 0 
0 0 0.000000 0 0 0.000000 0.000000 
0 0 0 0 0 0
0001000491 8 0 0 "Beam" ""  0
"H294X200" "JIS-SM490A" 0.000000 0 0
0.000000 0.000000 1.000000 2468500.0000 923500.0000 -92500.0000 2468500.0000 915000.0000 -92500.0000 0.000000 0.000000
0.000000 0.000000
0.0000 0.0000 0.0000 0.0000 0.0000 0.0000
0 0 0 0 0 0 0 0 0 0 0 0
0 ""  0 "1/29/19" "10:13:20" "6/19/19" "19:11:43" 0 0 
0 0 0 0 0 0 0 0 0 0 0 0 
0 0 0.000000 0 0 0.000000 0.000000 
0 0 0 0 0 0
0001000492 8 0 0 "Beam" ""  0
"H294X200" "JIS-SM490A" 0.000000 0 0
0.000000 0.000000 1.000000 2474500.0000 923500.0000 -92500.0000 2474500.0000 915000.0000 -92500.0000 0.000000 0.000000
0.000000 0.000000
0.0000 0.0000 0.0000 0.0000 0.0000 0.0000
0 0 0 0 0 0 0 0 0 0 0 0
0 ""  0 "1/29/19" "10:13:20" "6/19/19" "19:11:44" 0 0 
0 0 0 0 0 0 0 0 0 0 0 0 
0 0 0.000000 0 0 0.000000 0.000000 
0 0 0 0 0 0
0001000494 8 0 0 "Beam" ""  0
"H340X250" "JIS-SM490A" 0.000000 0 0
0.000000 0.000000 1.000000 2474500.0000 907000.0000 -92500.0000 2468500.0000 907000.0000 -92500.0000 0.000000 0.000000
0.000000 0.000000
0.0000 0.0000 0.0000 0.0000 0.0000 0.0000
0 0 0 0 0 0 0 0 0 0 0 0
0 ""  0 "1/29/19" "10:13:20" "4/18/19" "17:10:31" 0 0 
0 0 0 0 0 0 0 0 0 0 0 0 
0 0 0.000000 0 0 0.000000 0.000000 
0 0 0 0 0 0
0001000495 8 0 0 "Beam" ""  0
"H294X200" "JIS-SM490A" 0.000000 0 0
0.000000 0.000000 1.000000 2474500.0000 915000.0000 -92500.0000 2474500.0000 907000.0000 -92500.0000 0.000000 0.000000
0.000000 0.000000
0.0000 0.0000 0.0000 0.0000 0.0000 0.0000
0 0 0 0 0 0 0 0 0 0 0 0
0 ""  0 "1/29/19" "10:13:20" "6/19/19" "19:11:47" 0 0 
0 0 0 0 0 0 0 0 0 0 0 0 
0 0 0.000000 0 0 0.000000 0.000000 
0 0 0 0 0 0
0001000496 8 0 0 "Beam" ""  0
"H294X200" "JIS-SM490A" 0.000000 0 0
0.000000 0.000000 1.000000 2468500.0000 915000.0000 -92500.0000 2468500.0000 907000.0000 -92500.0000 0.000000 0.000000
0.000000 0.000000
0.0000 0.0000 0.0000 0.0000 0.0000 0.0000
0 0 0 0 0 0 0 0 0 0 0 0
0 ""  0 "1/29/19" "10:13:20" "6/19/19" "19:11:49" 0 0 
0 0 0 0 0 0 0 0 0 0 0 0 
0 0 0.000000 0 0 0.000000 0.000000 
0 0 0 0 0 0
0001000497 8 0 0 "Beam" ""  0
"H244X175" "JIS-SM490A" 0.000000 0 0
0.000000 0.000000 1.000000 2474500.0000 918000.0000 -92500.0000 2468500.0000 918000.0000 -92500.0000 0.000000 0.000000
0.000000 0.000000
0.0000 0.0000 0.0000 0.0000 0.0000 0.0000
0 0 0 0 0 0 0 0 0 0 0 0
0 ""  0 "1/29/19" "10:13:20" "6/19/19" "19:10:50" 0 0 
0 0 0 0 0 0 0 0 0 0 0 0 
0 0 0.000000 0 0 0.000000 0.000000 
0 0 0 0 0 0
0001000498 8 0 0 "Beam" ""  0
"H244X175" "JIS-SM490A" 0.000000 0 0
0.000000 0.000000 1.000000 2474500.0000 909500.0000 -92500.0000 2468500.0000 909500.0000 -92500.0000 0.000000 0.000000
0.000000 0.000000
0.0000 0.0000 0.0000 0.0000 0.0000 0.0000
0 0 0 0 0 0 0 0 0 0 0 0
0 ""  0 "1/29/19" "10:13:20" "6/19/19" "19:10:54" 0 0 
0 0 0 0 0 0 0 0 0 0 0 0 
0 0 0.000000 0 0 0.000000 0.000000 
0 0 0 0 0 0
0001000499 8 0 0 "Hbrace" ""  0
"T150X150" "JIS-SM490A" 0.000000 0 1
0.000000 0.000000 1.000000 2474180.0000 923500.0000 -92610.0000 2471500.0000 920500.0000 -92610.0000 0.000000 0.000000
0.000000 0.000000
0.0000 0.0000 0.0000 0.0000 -500.0000 0.0000
0 0 0 0 0 0 0 0 0 0 0 0
0 ""  0 "1/29/19" "10:13:20" "4/10/19" "15:08:33" 0 0 
0 0 0 0 0 0 0 0 0 0 0 0 
0 0 0.000000 0 0 0.000000 0.000000 
0 0 0 0 0 0
0001000500 8 0 0 "Hbrace" ""  0
"T150X150" "JIS-SM490A" 0.000000 0 0
0.000000 0.000000 1.000000 2468820.0000 923500.0000 -92610.0000 2471500.0000 920500.0000 -92610.0000 0.000000 0.000000
0.000000 0.000000
0.0000 0.0000 0.0000 0.0000 -500.0000 0.0000
0 0 0 0 0 0 0 0 0 0 0 0
0 ""  0 "1/29/19" "10:13:20" "4/10/19" "15:08:33" 0 0 
0 0 0 0 0 0 0 0 0 0 0 0 
0 0 0.000000 0 0 0.000000 0.000000 
0 0 0 0 0 0
0001000501 8 0 0 "Hbrace" ""  0
"T150X150" "JIS-SM490A" 0.000000 0 0
0.000000 0.000000 1.000000 2474180.0000 915000.0000 -92610.0000 2471500.0000 918000.0000 -92610.0000 0.000000 0.000000
0.000000 0.000000
0.0000 0.0000 0.0000 0.0000 500.0000 0.0000
0 0 0 0 0 0 0 0 0 0 0 0
0 ""  0 "1/29/19" "10:13:20" "6/19/19" "09:32:32" 0 0 
0 0 0 0 0 0 0 0 0 0 0 0 
0 0 0.000000 0 0 0.000000 0.000000 
0 0 0 0 0 0
0001000502 8 0 0 "Hbrace" ""  0
"T150X150" "JIS-SM490A" 0.000000 0 1
0.000000 0.000000 1.000000 2468820.0000 915000.0000 -92610.0000 2471500.0000 918000.0000 -92610.0000 0.000000 0.000000
0.000000 0.000000
0.0000 0.0000 0.0000 0.0000 500.0000 0.0000
0 0 0 0 0 0 0 0 0 0 0 0
0 ""  0 "1/29/19" "10:13:20" "4/10/19" "15:08:33" 0 0 
0 0 0 0 0 0 0 0 0 0 0 0 
0 0 0.000000 0 0 0.000000 0.000000 
0 0 0 0 0 0
0001000505 8 0 0 "Vbrace" ""  0
"T200X200" "JIS-SM490A" 270.000000 0 1
0.000000 0.000000 1.000000 2468500.0000 919250.0000 -96222.0000 2468500.0000 923500.0000 -99700.0000 0.000000 0.000000
0.000000 0.000000
0.0000 750.0000 0.0000 0.0000 0.0000 0.0000
0 0 0 0 0 0 0 0 0 0 0 0
0 ""  0 "1/29/19" "10:13:20" "4/10/19" "14:15:41" 0 0 
0 0 0 0 0 0 0 0 0 0 0 0 
0 0 0.000000 0 0 0.000000 0.000000 
0 0 0 0 0 0
0001000506 8 0 0 "Vbrace" ""  0
"T200X200" "JIS-SM490A" 90.000000 0 0
0.000000 0.000000 1.000000 2468500.0000 919250.0000 -96222.0000 2468500.0000 915000.0000 -92794.0000 0.000000 0.000000
0.000000 0.000000
23.4100 -742.4900 0.0000 0.0000 0.0000 294.0000
0 0 0 0 0 0 0 0 0 0 0 0
0 ""  0 "1/29/19" "10:13:20" "6/20/19" "18:58:02" 0 0 
0 0 0 0 0 0 0 0 0 0 0 0 
0 0 0.000000 0 0 0.000000 0.000000 
0 0 0 0 0 0
0001000507 8 0 0 "Vbrace" ""  0
"T200X200" "JIS-SM490A" 90.000000 0 1
0.000000 0.000000 1.000000 2474500.0000 919250.0000 -96222.0000 2474500.0000 923500.0000 -99700.0000 0.000000 0.000000
0.000000 0.000000
0.0000 750.0000 0.0000 0.0000 0.0000 0.0000
0 0 0 0 0 0 0 0 0 0 0 0
0 ""  0 "1/29/19" "10:13:20" "4/10/19" "14:17:59" 0 0 
0 0 0 0 0 0 0 0 0 0 0 0 
0 0 0.000000 0 0 0.000000 0.000000 
0 0 0 0 0 0
0001000508 8 0 0 "Vbrace" ""  0
"T200X200" "JIS-SM490A" 270.000000 0 0
0.000000 0.000000 1.000000 2474500.0000 919250.0000 -96222.0000 2474500.0000 915000.0000 -99700.0000 0.000000 0.000000
0.000000 0.000000
0.0000 -750.0000 0.0000 0.0000 0.0000 0.0000
0 0 0 0 0 0 0 0 0 0 0 0
0 ""  0 "1/29/19" "10:13:20" "4/10/19" "14:17:53" 0 0 
0 0 0 0 0 0 0 0 0 0 0 0 
0 0 0.000000 0 0 0.000000 0.000000 
0 0 0 0 0 0
0001000522 8 0 0 "Vbrace" ""  0
"T150X150" "JIS-SM490A" 90.000000 0 0
0.000000 0.000000 1.000000 2468500.0000 917000.0000 -88597.0000 2468500.0000 915000.0000 -90500.0000 0.000000 0.000000
0.000000 0.000000
0.0000 0.0000 97.0000 0.0000 0.0000 0.0000
0 0 0 0 0 0 0 0 0 0 0 0
0 ""  0 "1/29/19" "10:13:20" "6/20/19" "18:57:06" 0 0 
0 0 0 0 0 0 0 0 0 0 0 0 
0 0 0.000000 0 0 0.000000 0.000000 
0 0 0 0 0 0
0001000523 8 0 0 "Vbrace" ""  0
"T150X150" "JIS-SM490A" 90.000000 0 0
0.000000 0.000000 1.000000 2468500.0000 917000.0000 -90622.0000 2468500.0000 915000.0000 -92500.0000 0.000000 0.000000
0.000000 0.000000
0.0000 0.0000 122.0000 0.0000 0.0000 0.0000
0 0 0 0 0 0 0 0 0 0 0 0
0 ""  0 "1/29/19" "10:13:20" "6/20/19" "18:57:18" 0 0 
0 0 0 0 0 0 0 0 0 0 0 0 
0 0 0.000000 0 0 0.000000 0.000000 
0 0 0 0 0 0
0001000526 8 0 0 "Vbrace" ""  0
"T150X150" "JIS-SM490A" 270.000000 0 1
0.000000 0.000000 1.000000 2468500.0000 921500.0000 -88597.0000 2468500.0000 923500.0000 -90500.0000 0.000000 0.000000
0.000000 0.000000
0.0000 0.0000 97.0000 0.0000 0.0000 0.0000
0 0 0 0 0 0 0 0 0 0 0 0
0 ""  0 "1/29/19" "10:13:20" "6/20/19" "18:57:09" 0 0 
0 0 0 0 0 0 0 0 0 0 0 0 
0 0 0.000000 0 0 0.000000 0.000000 
0 0 0 0 0 0
0001000527 8 0 0 "Vbrace" ""  0
"T150X150" "JIS-SM490A" 270.000000 0 1
0.000000 0.000000 1.000000 2468500.0000 921500.0000 -90622.0000 2468500.0000 923500.0000 -92500.0000 0.000000 0.000000
0.000000 0.000000
0.0000 0.0000 122.0000 0.0000 0.0000 0.0000
0 0 0 0 0 0 0 0 0 0 0 0
0 ""  0 "1/29/19" "10:13:20" "6/20/19" "18:57:16" 0 0 
0 0 0 0 0 0 0 0 0 0 0 0 
0 0 0.000000 0 0 0.000000 0.000000 
0 0 0 0 0 0
0001000536 8 0 0 "Beam" ""  0
"H244X175" "JIS-SM490A" 0.000000 0 0
0.000000 0.000000 1.000000 2468500.0000 925600.0000 -90500.0000 2468500.0000 923500.0000 -90500.0000 0.000000 0.000000
0.000000 0.000000
0.0000 0.0000 0.0000 0.0000 0.0000 0.0000
0 0 0 0 0 0 0 0 0 0 0 0
0 ""  0 "1/29/19" "10:13:20" "6/19/19" "19:22:51" 0 0 
0 0 0 0 0 0 0 0 0 0 0 0 
0 0 0.000000 0 0 0.000000 0.000000 
0 0 0 0 0 0
0001000539 8 0 0 "Beam" ""  0
"H244X175" "JIS-SM490A" 0.000000 0 0
0.000000 0.000000 1.000000 2474500.0000 925600.0000 -90500.0000 2474500.0000 923500.0000 -90500.0000 0.000000 0.000000
0.000000 0.000000
0.0000 0.0000 0.0000 0.0000 0.0000 0.0000
0 0 0 0 0 0 0 0 0 0 0 0
0 ""  0 "1/29/19" "10:13:20" "6/19/19" "19:22:52" 0 0 
0 0 0 0 0 0 0 0 0 0 0 0 
0 0 0.000000 0 0 0.000000 0.000000 
0 0 0 0 0 0
0001000545 8 0 0 "Beam" ""  0
"H244X175" "JIS-SM490A" 0.000000 0 0
0.000000 0.000000 1.000000 2468500.0000 925500.0000 -90500.0000 2474500.0000 925500.0000 -90500.0000 0.000000 0.000000
0.000000 0.000000
0.0000 0.0000 0.0000 0.0000 0.0000 0.0000
0 0 0 0 0 0 0 0 0 0 0 0
0 ""  0 "1/29/19" "10:13:20" "6/19/19" "19:22:49" 0 0 
0 0 0 0 0 0 0 0 0 0 0 0 
0 0 0.000000 0 0 0.000000 0.000000 
0 0 0 0 0 0
0001000554 8 0 0 "Beam" ""  0
"H244X175" "JIS-SM490A" 0.000000 0 0
0.000000 0.000000 1.000000 2474500.0000 923500.0000 -86500.0000 2468500.0000 923500.0000 -86500.0000 0.000000 0.000000
0.000000 0.000000
0.0000 0.0000 0.0000 0.0000 0.0000 0.0000
0 0 0 0 0 0 0 0 0 0 0 0
0 ""  0 "1/29/19" "10:13:20" "7/02/19" "14:38:35" 0 0 
0 0 0 0 0 0 0 0 0 0 0 0 
0 0 0.000000 0 0 0.000000 0.000000 
0 0 0 0 0 0
0001000555 8 0 0 "Beam" ""  0
"H244X175" "JIS-SM490A" 0.000000 0 0
0.000000 0.000000 1.000000 2474500.0000 915000.0000 -86500.0000 2468500.0000 915000.0000 -86500.0000 0.000000 0.000000
0.000000 0.000000
0.0000 0.0000 0.0000 0.0000 0.0000 0.0000
0 0 0 0 0 0 0 0 0 0 0 0
0 ""  0 "1/29/19" "10:13:20" "7/02/19" "14:38:35" 0 0 
0 0 0 0 0 0 0 0 0 0 0 0 
0 0 0.000000 0 0 0.000000 0.000000 
0 0 0 0 0 0
0001000558 8 0 0 "Beam" ""  0
"H300X150" "JIS-SM490A" 0.000000 0 0
0.000000 0.000000 1.000000 2468500.0000 923500.0000 -86500.0000 2468500.0000 915000.0000 -86500.0000 0.000000 0.000000
0.000000 0.000000
0.0000 0.0000 0.0000 0.0000 0.0000 0.0000
0 0 0 0 0 0 0 0 0 0 0 0
0 ""  0 "1/29/19" "10:13:20" "7/02/19" "14:38:35" 0 0 
0 0 0 0 0 0 0 0 0 0 0 0 
0 0 0.000000 0 0 0.000000 0.000000 
0 0 0 0 0 0
0001000559 8 0 0 "Beam" ""  0
"H300X150" "JIS-SM490A" 0.000000 0 0
0.000000 0.000000 1.000000 2474500.0000 923500.0000 -86500.0000 2474500.0000 915000.0000 -86500.0000 0.000000 0.000000
0.000000 0.000000
0.0000 0.0000 0.0000 0.0000 0.0000 0.0000
0 0 0 0 0 0 0 0 0 0 0 0
0 ""  0 "1/29/19" "10:13:20" "7/02/19" "14:38:35" 0 0 
0 0 0 0 0 0 0 0 0 0 0 0 
0 0 0.000000 0 0 0.000000 0.000000 
0 0 0 0 0 0
0001000561 8 0 0 "Beam" ""  0
"H244X175" "JIS-SM490A" 0.000000 0 0
0.000000 0.000000 1.000000 2474500.0000 907000.0000 -86500.0000 2468500.0000 907000.0000 -86500.0000 0.000000 0.000000
0.000000 0.000000
0.0000 0.0000 0.0000 0.0000 0.0000 0.0000
0 0 0 0 0 0 0 0 0 0 0 0
0 ""  0 "1/29/19" "10:13:20" "7/02/19" "14:38:35" 0 0 
0 0 0 0 0 0 0 0 0 0 0 0 
0 0 0.000000 0 0 0.000000 0.000000 
0 0 0 0 0 0
0001000562 8 0 0 "Beam" ""  0
"H300X150" "JIS-SM490A" 0.000000 0 0
0.000000 0.000000 1.000000 2474500.0000 907000.0000 -86500.0000 2474500.0000 915000.0000 -86500.0000 0.000000 0.000000
0.000000 0.000000
0.0000 0.0000 0.0000 0.0000 0.0000 0.0000
0 0 0 0 0 0 0 0 0 0 0 0
0 ""  0 "1/29/19" "10:13:20" "7/02/19" "14:38:35" 0 0 
0 0 0 0 0 0 0 0 0 0 0 0 
0 0 0.000000 0 0 0.000000 0.000000 
0 0 0 0 0 0
0001000563 8 0 0 "Beam" ""  0
"H300X150" "JIS-SM490A" 0.000000 0 0
0.000000 0.000000 1.000000 2468500.0000 915000.0000 -86500.0000 2468500.0000 907000.0000 -86500.0000 0.000000 0.000000
0.000000 0.000000
0.0000 0.0000 0.0000 0.0000 0.0000 0.0000
0 0 0 0 0 0 0 0 0 0 0 0
0 ""  0 "1/29/19" "10:13:20" "7/02/19" "14:38:35" 0 0 
0 0 0 0 0 0 0 0 0 0 0 0 
0 0 0.000000 0 0 0.000000 0.000000 
0 0 0 0 0 0
0001000564 8 0 0 "Beam" ""  0
"H244X175" "JIS-SM490A" 0.000000 0 0
0.000000 0.000000 1.000000 2474500.0000 918000.0000 -86500.0000 2468500.0000 918000.0000 -86500.0000 0.000000 0.000000
0.000000 0.000000
0.0000 0.0000 0.0000 0.0000 0.0000 0.0000
0 0 0 0 0 0 0 0 0 0 0 0
0 ""  0 "1/29/19" "10:13:20" "7/02/19" "20:34:02" 0 0 
0 0 0 0 0 0 0 0 0 0 0 0 
0 0 0.000000 0 0 0.000000 0.000000 
0 0 0 0 0 0
0001000565 8 0 0 "Beam" ""  0
"H244X175" "JIS-SM490A" 0.000000 0 0
0.000000 0.000000 1.000000 2474500.0000 909500.0000 -86500.0000 2468500.0000 909500.0000 -86500.0000 0.000000 0.000000
0.000000 0.000000
0.0000 0.0000 0.0000 0.0000 0.0000 0.0000
0 0 0 0 0 0 0 0 0 0 0 0
0 ""  0 "1/29/19" "10:13:20" "7/02/19" "20:34:02" 0 0 
0 0 0 0 0 0 0 0 0 0 0 0 
0 0 0.000000 0 0 0.000000 0.000000 
0 0 0 0 0 0
0001000728 8 0 0 "Beam" ""  0
"H244X175" "JIS-SM490A" 0.000000 0 0
0.000000 0.000000 1.000000 2468500.0000 923500.0000 -96100.0000 2468500.0000 915000.0000 -96100.0000 0.000000 0.000000
0.000000 0.000000
0.0000 0.0000 0.0000 0.0000 0.0000 0.0000
0 0 0 0 0 0 0 0 0 0 0 0
0 ""  0 "1/29/19" "10:13:21" "4/10/19" "14:14:14" 0 0 
0 0 0 0 0 0 0 0 0 0 0 0 
0 0 0.000000 0 0 0.000000 0.000000 
0 0 0 0 0 0
0001000729 8 0 0 "Beam" ""  0
"H244X175" "JIS-SM490A" 0.000000 0 0
0.000000 0.000000 1.000000 2474500.0000 923500.0000 -96100.0000 2474500.0000 915000.0000 -96100.0000 0.000000 0.000000
0.000000 0.000000
0.0000 0.0000 0.0000 0.0000 0.0000 0.0000
0 0 0 0 0 0 0 0 0 0 0 0
0 ""  0 "1/29/19" "10:13:21" "4/10/19" "14:17:30" 0 0 
0 0 0 0 0 0 0 0 0 0 0 0 
0 0 0.000000 0 0 0.000000 0.000000 
0 0 0 0 0 0
0001000730 8 0 0 "Vbrace" ""  0
"T200X200" "JIS-SM490A" 90.000000 0 0
0.000000 0.000000 1.000000 2468500.0000 919250.0000 -96222.0000 2468500.0000 915000.0000 -99700.0000 0.000000 0.000000
0.000000 0.000000
0.0000 -750.0000 0.0000 0.0000 0.0000 0.0000
0 0 0 0 0 0 0 0 0 0 0 0
0 ""  0 "1/29/19" "10:13:21" "4/10/19" "14:15:37" 0 0 
0 0 0 0 0 0 0 0 0 0 0 0 
0 0 0.000000 0 0 0.000000 0.000000 
0 0 0 0 0 0
0001000731 8 0 0 "Vbrace" ""  0
"T200X200" "JIS-SM490A" 270.000000 0 1
0.000000 0.000000 1.000000 2468500.0000 919250.0000 -96222.0000 2468500.0000 923500.0000 -92794.0000 0.000000 0.000000
0.000000 0.000000
0.0000 750.0000 0.0000 0.0000 0.0000 294.0000
0 0 0 0 0 0 0 0 0 0 0 0
0 ""  0 "1/29/19" "10:13:21" "6/20/19" "18:57:59" 0 0 
0 0 0 0 0 0 0 0 0 0 0 0 
0 0 0.000000 0 0 0.000000 0.000000 
0 0 0 0 0 0
0001000755 8 0 0 "Hbrace" ""  0
"T150X150" "JIS-SM490A" 0.000000 0 0
0.000000 0.000000 1.000000 2474180.0000 915000.0000 -90610.0000 2471500.0000 918000.0000 -90610.0000 0.000000 0.000000
0.000000 0.000000
0.0000 0.0000 0.0000 0.0000 500.0000 0.0000
0 0 0 0 0 0 0 0 0 0 0 0
0 ""  0 "1/29/19" "10:13:21" "4/10/19" "15:09:17" 0 0 
0 0 0 0 0 0 0 0 0 0 0 0 
0 0 0.000000 0 0 0.000000 0.000000 
0 0 0 0 0 0
0001000756 8 0 0 "Hbrace" ""  0
"T150X150" "JIS-SM490A" 0.000000 0 1
0.000000 0.000000 1.000000 2474180.0000 923500.0000 -90610.0000 2471500.0000 920500.0000 -90610.0000 0.000000 0.000000
0.000000 0.000000
0.0000 0.0000 0.0000 0.0000 -500.0000 0.0000
0 0 0 0 0 0 0 0 0 0 0 0
0 ""  0 "1/29/19" "10:13:21" "4/10/19" "15:09:17" 0 0 
0 0 0 0 0 0 0 0 0 0 0 0 
0 0 0.000000 0 0 0.000000 0.000000 
0 0 0 0 0 0
0001000757 8 0 0 "Hbrace" ""  0
"T150X150" "JIS-SM490A" 0.000000 0 0
0.000000 0.000000 1.000000 2468820.0000 923500.0000 -90610.0000 2471500.0000 920500.0000 -90610.0000 0.000000 0.000000
0.000000 0.000000
0.0000 0.0000 0.0000 0.0000 -500.0000 0.0000
0 0 0 0 0 0 0 0 0 0 0 0
0 ""  0 "1/29/19" "10:13:21" "4/10/19" "15:09:17" 0 0 
0 0 0 0 0 0 0 0 0 0 0 0 
0 0 0.000000 0 0 0.000000 0.000000 
0 0 0 0 0 0
0001000758 8 0 0 "Hbrace" ""  0
"T150X150" "JIS-SM490A" 0.000000 0 1
0.000000 0.000000 1.000000 2468820.0000 915000.0000 -90610.0000 2471500.0000 918000.0000 -90610.0000 0.000000 0.000000
0.000000 0.000000
0.0000 0.0000 0.0000 0.0000 500.0000 0.0000
0 0 0 0 0 0 0 0 0 0 0 0
0 ""  0 "1/29/19" "10:13:21" "4/10/19" "15:09:17" 0 0 
0 0 0 0 0 0 0 0 0 0 0 0 
0 0 0.000000 0 0 0.000000 0.000000 
0 0 0 0 0 0
0001000759 8 0 0 "Hbrace" ""  0
"T150X150" "JIS-SM490A" 0.000000 0 0
0.000000 0.000000 1.000000 2474180.0000 915000.0000 -88610.0000 2471500.0000 918000.0000 -88610.0000 0.000000 0.000000
0.000000 0.000000
0.0000 0.0000 0.0000 0.0000 500.0000 0.0000
0 0 0 0 0 0 0 0 0 0 0 0
0 ""  0 "1/29/19" "10:13:21" "6/19/19" "09:57:30" 0 0 
0 0 0 0 0 0 0 0 0 0 0 0 
0 0 0.000000 0 0 0.000000 0.000000 
0 0 0 0 0 0
0001000760 8 0 0 "Hbrace" ""  0
"T150X150" "JIS-SM490A" 0.000000 0 1
0.000000 0.000000 1.000000 2474180.0000 923500.0000 -88610.0000 2471500.0000 920500.0000 -88610.0000 0.000000 0.000000
0.000000 0.000000
0.0000 0.0000 0.0000 0.0000 -500.0000 0.0000
0 0 0 0 0 0 0 0 0 0 0 0
0 ""  0 "1/29/19" "10:13:21" "4/10/19" "15:09:55" 0 0 
0 0 0 0 0 0 0 0 0 0 0 0 
0 0 0.000000 0 0 0.000000 0.000000 
0 0 0 0 0 0
0001000761 8 0 0 "Hbrace" ""  0
"T150X150" "JIS-SM490A" 0.000000 0 0
0.000000 0.000000 1.000000 2468820.0000 923500.0000 -88610.0000 2471500.0000 920500.0000 -88610.0000 0.000000 0.000000
0.000000 0.000000
0.0000 0.0000 0.0000 0.0000 -500.0000 0.0000
0 0 0 0 0 0 0 0 0 0 0 0
0 ""  0 "1/29/19" "10:13:21" "4/10/19" "15:09:55" 0 0 
0 0 0 0 0 0 0 0 0 0 0 0 
0 0 0.000000 0 0 0.000000 0.000000 
0 0 0 0 0 0
0001000762 8 0 0 "Hbrace" ""  0
"T150X150" "JIS-SM490A" 0.000000 0 1
0.000000 0.000000 1.000000 2468820.0000 915000.0000 -88610.0000 2471500.0000 918000.0000 -88610.0000 0.000000 0.000000
0.000000 0.000000
0.0000 0.0000 0.0000 0.0000 500.0000 0.0000
0 0 0 0 0 0 0 0 0 0 0 0
0 ""  0 "1/29/19" "10:13:21" "4/10/19" "15:09:55" 0 0 
0 0 0 0 0 0 0 0 0 0 0 0 
0 0 0.000000 0 0 0.000000 0.000000 
0 0 0 0 0 0
0001000763 8 0 0 "Hbrace" ""  0
"T150X150" "JIS-SM490A" 0.000000 0 0
0.000000 0.000000 1.000000 2474180.0000 915000.0000 -86610.0000 2471500.0000 918000.0000 -86610.0000 0.000000 0.000000
0.000000 0.000000
0.0000 0.0000 0.0000 0.0000 500.0000 0.0000
0 0 0 0 0 0 0 0 0 0 0 0
0 ""  0 "1/29/19" "10:13:21" "7/02/19" "14:38:35" 0 0 
0 0 0 0 0 0 0 0 0 0 0 0 
0 0 0.000000 0 0 0.000000 0.000000 
0 0 0 0 0 0
0001000764 8 0 0 "Hbrace" ""  0
"T150X150" "JIS-SM490A" 0.000000 0 1
0.000000 0.000000 1.000000 2474180.0000 923500.0000 -86610.0000 2471500.0000 920500.0000 -86610.0000 0.000000 0.000000
0.000000 0.000000
0.0000 0.0000 0.0000 0.0000 -500.0000 0.0000
0 0 0 0 0 0 0 0 0 0 0 0
0 ""  0 "1/29/19" "10:13:21" "7/02/19" "14:38:35" 0 0 
0 0 0 0 0 0 0 0 0 0 0 0 
0 0 0.000000 0 0 0.000000 0.000000 
0 0 0 0 0 0
0001000765 8 0 0 "Hbrace" ""  0
"T150X150" "JIS-SM490A" 0.000000 0 0
0.000000 0.000000 1.000000 2468820.0000 923500.0000 -86610.0000 2471500.0000 920500.0000 -86610.0000 0.000000 0.000000
0.000000 0.000000
0.0000 0.0000 0.0000 0.0000 -500.0000 0.0000
0 0 0 0 0 0 0 0 0 0 0 0
0 ""  0 "1/29/19" "10:13:21" "7/02/19" "14:38:35" 0 0 
0 0 0 0 0 0 0 0 0 0 0 0 
0 0 0.000000 0 0 0.000000 0.000000 
0 0 0 0 0 0
0001000766 8 0 0 "Hbrace" ""  0
"T150X150" "JIS-SM490A" 0.000000 0 1
0.000000 0.000000 1.000000 2468820.0000 915000.0000 -86610.0000 2471500.0000 918000.0000 -86610.0000 0.000000 0.000000
0.000000 0.000000
0.0000 0.0000 0.0000 0.0000 500.0000 0.0000
0 0 0 0 0 0 0 0 0 0 0 0
0 ""  0 "1/29/19" "10:13:21" "7/02/19" "14:38:35" 0 0 
0 0 0 0 0 0 0 0 0 0 0 0 
0 0 0.000000 0 0 0.000000 0.000000 
0 0 0 0 0 0
0001001049 4 0 0 "Hbrace" ""  0
"L90X7" "A36" 90.000000 0 0
0.000000 0.000000 1.000000 2468500.0000 923775.0000 -90610.0000 2470225.0000 925500.0000 -90610.0000 0.000000 0.000000
0.000000 0.000000
0.0000 0.0000 0.0000 0.0000 0.0000 0.0000
0 0 0 0 0 0 0 0 0 0 0 0
0 ""  0 "4/10/19" "14:11:22" "4/10/19" "14:11:38" 0 0 
0 0 0 0 0 0 0 0 0 0 0 0 
0 0 0.000000 0 0 0.000000 0.000000 
0 0 0 0 0 0
0001001050 4 0 0 "Hbrace" ""  0
"L90X7" "A36" 90.000000 0 0
0.000000 0.000000 1.000000 2474500.0000 923775.0000 -90610.0000 2472775.0000 925500.0000 -90610.0000 0.000000 0.000000
0.000000 0.000000
0.0000 0.0000 0.0000 0.0000 0.0000 0.0000
0 0 0 0 0 0 0 0 0 0 0 0
0 ""  0 "4/10/19" "14:11:25" "4/10/19" "14:11:38" 0 0 
0 0 0 0 0 0 0 0 0 0 0 0 
0 0 0.000000 0 0 0.000000 0.000000 
0 0 0 0 0 0
0001001051 8 0 0 "Vbrace" ""  0
"T150X150" "A36" -90.000000 0 0
0.000000 0.000000 1.000000 2468500.0000 923500.0000 -92500.0000 2468500.0000 925500.0000 -90622.0000 0.000000 0.000000
0.000000 0.000000
0.0000 0.0000 0.0000 0.0000 0.0000 122.0000
0 0 0 0 0 0 0 0 0 0 0 0
0 ""  0 "4/10/19" "14:17:04" "6/20/19" "18:37:19" 0 0 
0 0 0 0 0 0 0 0 0 0 0 0 
0 0 0.000000 0 0 0.000000 0.000000 
0 0 0 0 0 0
0001001054 8 0 0 "Beam" ""  0
"H244X175" "JIS-SM490A" 0.000000 0 0
0.000000 0.000000 1.000000 2468500.0000 925600.0000 -88500.0000 2468500.0000 923500.0000 -88500.0000 0.000000 0.000000
0.000000 0.000000
0.0000 0.0000 0.0000 0.0000 0.0000 0.0000
0 0 0 0 0 0 0 0 0 0 0 0
0 ""  0 "4/10/19" "14:21:29" "6/19/19" "19:26:05" 0 0 
0 0 0 0 0 0 0 0 0 0 0 0 
0 0 0.000000 0 0 0.000000 0.000000 
0 0 0 0 0 0
0001001055 8 0 0 "Beam" ""  0
"H244X175" "JIS-SM490A" 0.000000 0 0
0.000000 0.000000 1.000000 2474500.0000 925600.0000 -88500.0000 2474500.0000 923500.0000 -88500.0000 0.000000 0.000000
0.000000 0.000000
0.0000 0.0000 0.0000 0.0000 0.0000 0.0000
0 0 0 0 0 0 0 0 0 0 0 0
0 ""  0 "4/10/19" "14:21:29" "6/19/19" "19:26:08" 0 0 
0 0 0 0 0 0 0 0 0 0 0 0 
0 0 0.000000 0 0 0.000000 0.000000 
0 0 0 0 0 0
0001001056 8 0 0 "Beam" ""  0
"H244X175" "JIS-SM490A" 0.000000 0 0
0.000000 0.000000 1.000000 2468500.0000 925500.0000 -88500.0000 2474500.0000 925500.0000 -88500.0000 0.000000 0.000000
0.000000 0.000000
0.0000 0.0000 0.0000 0.0000 0.0000 0.0000
0 0 0 0 0 0 0 0 0 0 0 0
0 ""  0 "4/10/19" "14:21:29" "6/19/19" "19:26:06" 0 0 
0 0 0 0 0 0 0 0 0 0 0 0 
0 0 0.000000 0 0 0.000000 0.000000 
0 0 0 0 0 0
0001001057 4 0 0 "Hbrace" ""  0
"L90X7" "A36" 90.000000 0 0
0.000000 0.000000 1.000000 2468500.0000 923775.0000 -88610.0000 2470225.0000 925500.0000 -88610.0000 0.000000 0.000000
0.000000 0.000000
0.0000 0.0000 0.0000 0.0000 0.0000 0.0000
0 0 0 0 0 0 0 0 0 0 0 0
0 ""  0 "4/10/19" "14:21:29" "6/19/19" "09:58:34" 0 0 
0 0 0 0 0 0 0 0 0 0 0 0 
0 0 0.000000 0 0 0.000000 0.000000 
0 0 0 0 0 0
0001001058 4 0 0 "Hbrace" ""  0
"L90X7" "A36" 90.000000 0 0
0.000000 0.000000 1.000000 2474500.0000 923775.0000 -88610.0000 2472775.0000 925500.0000 -88610.0000 0.000000 0.000000
0.000000 0.000000
0.0000 0.0000 0.0000 0.0000 0.0000 0.0000
0 0 0 0 0 0 0 0 0 0 0 0
0 ""  0 "4/10/19" "14:21:29" "6/19/19" "09:58:29" 0 0 
0 0 0 0 0 0 0 0 0 0 0 0 
0 0 0.000000 0 0 0.000000 0.000000 
0 0 0 0 0 0
0001001059 8 0 0 "Vbrace" ""  0
"T150X150" "A36" -90.000000 0 0
0.000000 0.000000 1.000000 2468500.0000 923500.0000 -90500.0000 2468500.0000 925500.0000 -88622.0000 0.000000 0.000000
0.000000 0.000000
0.0000 0.0000 0.0000 0.0000 0.0000 122.0000
0 0 0 0 0 0 0 0 0 0 0 0
0 ""  0 "4/10/19" "14:21:29" "6/20/19" "18:37:23" 0 0 
0 0 0 0 0 0 0 0 0 0 0 0 
0 0 0.000000 0 0 0.000000 0.000000 
0 0 0 0 0 0
0001001061 8 0 0 "Beam" ""  0
"H244X175" "JIS-SM490A" 0.000000 0 0
0.000000 0.000000 1.000000 2468500.0000 925600.0000 -92500.0000 2468500.0000 923500.0000 -92500.0000 0.000000 0.000000
0.000000 0.000000
0.0000 0.0000 0.0000 0.0000 0.0000 0.0000
0 0 0 0 0 0 0 0 0 0 0 0
0 ""  0 "4/10/19" "14:21:52" "6/19/19" "19:10:43" 0 0 
0 0 0 0 0 0 0 0 0 0 0 0 
0 0 0.000000 0 0 0.000000 0.000000 
0 0 0 0 0 0
0001001062 8 0 0 "Beam" ""  0
"H244X175" "JIS-SM490A" 0.000000 0 0
0.000000 0.000000 1.000000 2474500.0000 925600.0000 -92500.0000 2474500.0000 923500.0000 -92500.0000 0.000000 0.000000
0.000000 0.000000
0.0000 0.0000 0.0000 0.0000 0.0000 0.0000
0 0 0 0 0 0 0 0 0 0 0 0
0 ""  0 "4/10/19" "14:21:52" "6/19/19" "19:10:45" 0 0 
0 0 0 0 0 0 0 0 0 0 0 0 
0 0 0.000000 0 0 0.000000 0.000000 
0 0 0 0 0 0
0001001063 8 0 0 "Beam" ""  0
"H244X175" "JIS-SM490A" 0.000000 0 0
0.000000 0.000000 1.000000 2468500.0000 925500.0000 -92500.0000 2474500.0000 925500.0000 -92500.0000 0.000000 0.000000
0.000000 0.000000
0.0000 0.0000 0.0000 0.0000 0.0000 0.0000
0 0 0 0 0 0 0 0 0 0 0 0
0 ""  0 "4/10/19" "14:21:52" "6/19/19" "19:10:38" 0 0 
0 0 0 0 0 0 0 0 0 0 0 0 
0 0 0.000000 0 0 0.000000 0.000000 
0 0 0 0 0 0
0001001064 4 0 0 "Hbrace" ""  0
"L90X7" "A36" 90.000000 0 0
0.000000 0.000000 1.000000 2468500.0000 923775.0000 -92610.0000 2470225.0000 925500.0000 -92610.0000 0.000000 0.000000
0.000000 0.000000
0.0000 0.0000 0.0000 0.0000 0.0000 0.0000
0 0 0 0 0 0 0 0 0 0 0 0
0 ""  0 "4/10/19" "14:21:52" "6/19/19" "09:32:15" 0 0 
0 0 0 0 0 0 0 0 0 0 0 0 
0 0 0.000000 0 0 0.000000 0.000000 
0 0 0 0 0 0
0001001065 4 0 0 "Hbrace" ""  0
"L90X7" "A36" 90.000000 0 0
0.000000 0.000000 1.000000 2474500.0000 923775.0000 -92610.0000 2472775.0000 925500.0000 -92610.0000 0.000000 0.000000
0.000000 0.000000
0.0000 0.0000 0.0000 0.0000 0.0000 0.0000
0 0 0 0 0 0 0 0 0 0 0 0
0 ""  0 "4/10/19" "14:21:52" "6/19/19" "09:32:02" 0 0 
0 0 0 0 0 0 0 0 0 0 0 0 
0 0 0.000000 0 0 0.000000 0.000000 
0 0 0 0 0 0
0001001066 8 0 0 "Vbrace" ""  0
"T150X150" "A36" -90.000000 0 0
0.000000 0.000000 1.000000 2468500.0000 923500.0000 -94597.0000 2468500.0000 925500.0000 -92597.0000 0.000000 0.000000
0.000000 0.000000
0.0000 0.0000 0.0000 0.0000 0.0000 0.0000
0 0 0 0 0 0 0 0 0 0 0 0
0 ""  0 "4/10/19" "14:21:52" "4/10/19" "14:21:52" 0 0 
0 0 0 0 0 0 0 0 0 0 0 0 
0 0 0.000000 0 0 0.000000 0.000000 
0 0 0 0 0 0
0001001068 8 0 0 "Beam" ""  0
"H194X150" "JIS-SM490A" 0.000000 0 0
0.000000 0.000000 1.000000 2468500.0000 925600.0000 -86500.0000 2468500.0000 923500.0000 -86500.0000 0.000000 0.000000
0.000000 0.000000
0.0000 0.0000 0.0000 0.0000 0.0000 0.0000
0 0 0 0 0 0 0 0 0 0 0 0
0 ""  0 "4/10/19" "14:21:57" "7/02/19" "14:41:36" 0 0 
0 0 0 0 0 0 0 0 0 0 0 0 
0 0 0.000000 0 0 0.000000 0.000000 
0 0 0 0 0 0
0001001069 8 0 0 "Beam" ""  0
"H194X150" "JIS-SM490A" 0.000000 0 0
0.000000 0.000000 1.000000 2474500.0000 925600.0000 -86500.0000 2474500.0000 923500.0000 -86500.0000 0.000000 0.000000
0.000000 0.000000
0.0000 0.0000 0.0000 0.0000 0.0000 0.0000
0 0 0 0 0 0 0 0 0 0 0 0
0 ""  0 "4/10/19" "14:21:57" "7/02/19" "20:30:24" 0 0 
0 0 0 0 0 0 0 0 0 0 0 0 
0 0 0.000000 0 0 0.000000 0.000000 
0 0 0 0 0 0
0001001070 8 0 0 "Beam" ""  0
"H194X150" "JIS-SM490A" 0.000000 0 0
0.000000 0.000000 1.000000 2468500.0000 925500.0000 -86500.0000 2474500.0000 925500.0000 -86500.0000 0.000000 0.000000
0.000000 0.000000
0.0000 0.0000 0.0000 0.0000 0.0000 0.0000
0 0 0 0 0 0 0 0 0 0 0 0
0 ""  0 "4/10/19" "14:21:57" "7/02/19" "20:34:02" 0 0 
0 0 0 0 0 0 0 0 0 0 0 0 
0 0 0.000000 0 0 0.000000 0.000000 
0 0 0 0 0 0
0001001071 4 0 0 "Hbrace" ""  0
"L90X7" "A36" 90.000000 0 0
0.000000 0.000000 1.000000 2468820.0000 923500.0000 -86610.0000 2470820.0000 925500.0000 -86610.0000 0.000000 0.000000
0.000000 0.000000
0.0000 0.0000 0.0000 0.0000 0.0000 0.0000
0 0 0 0 0 0 0 0 0 0 0 0
0 ""  0 "4/10/19" "14:21:57" "7/02/19" "14:38:35" 0 0 
0 0 0 0 0 0 0 0 0 0 0 0 
0 0 0.000000 0 0 0.000000 0.000000 
0 0 0 0 0 0
0001001072 4 0 0 "Hbrace" ""  0
"L90X7" "A36" 90.000000 0 0
0.000000 0.000000 1.000000 2474180.0000 923500.0000 -86610.0000 2472180.0000 925500.0000 -86610.0000 0.000000 0.000000
0.000000 0.000000
0.0000 0.0000 0.0000 0.0000 0.0000 0.0000
0 0 0 0 0 0 0 0 0 0 0 0
0 ""  0 "4/10/19" "14:21:57" "7/02/19" "14:38:35" 0 0 
0 0 0 0 0 0 0 0 0 0 0 0 
0 0 0.000000 0 0 0.000000 0.000000 
0 0 0 0 0 0
0001001075 8 0 0 "Beam" ""  0
"H244X175" "JIS-SM490A" 0.000000 0 0
0.000000 0.000000 1.000000 2468500.0000 905000.0000 -90500.0000 2474500.0000 905000.0000 -90500.0000 0.000000 0.000000
0.000000 0.000000
0.0000 0.0000 0.0000 0.0000 0.0000 0.0000
0 0 0 0 0 0 0 0 0 0 0 0
0 ""  0 "4/10/19" "14:27:18" "6/19/19" "19:23:01" 0 0 
0 0 0 0 0 0 0 0 0 0 0 0 
0 0 0.000000 0 0 0.000000 0.000000 
0 0 0 0 0 0
0001001076 8 0 0 "Beam" ""  0
"H244X175" "JIS-SM490A" 0.000000 0 0
0.000000 0.000000 1.000000 2468500.0000 907000.0000 -90500.0000 2468500.0000 904900.0000 -90500.0000 0.000000 0.000000
0.000000 0.000000
0.0000 0.0000 0.0000 0.0000 0.0000 0.0000
0 0 0 0 0 0 0 0 0 0 0 0
0 ""  0 "4/10/19" "14:27:18" "6/19/19" "19:22:59" 0 0 
0 0 0 0 0 0 0 0 0 0 0 0 
0 0 0.000000 0 0 0.000000 0.000000 
0 0 0 0 0 0
0001001078 8 0 0 "Beam" ""  0
"H244X175" "JIS-SM490A" 0.000000 0 0
0.000000 0.000000 1.000000 2474500.0000 907000.0000 -90500.0000 2474500.0000 904900.0000 -90500.0000 0.000000 0.000000
0.000000 0.000000
0.0000 0.0000 0.0000 0.0000 0.0000 0.0000
0 0 0 0 0 0 0 0 0 0 0 0
0 ""  0 "4/10/19" "14:27:18" "6/19/19" "19:23:03" 0 0 
0 0 0 0 0 0 0 0 0 0 0 0 
0 0 0.000000 0 0 0.000000 0.000000 
0 0 0 0 0 0
0001001079 4 0 0 "Hbrace" ""  0
"L90X7" "JIS-SS400" 90.000000 0 0
0.000000 0.000000 1.000000 2468500.0000 906725.0000 -90610.0000 2470225.0000 905000.0000 -90610.0000 0.000000 0.000000
0.000000 0.000000
0.0000 0.0000 0.0000 0.0000 0.0000 0.0000
0 0 0 0 0 0 0 0 0 0 0 0
0 ""  0 "4/10/19" "14:27:18" "6/19/19" "09:46:05" 0 0 
0 0 0 0 0 0 0 0 0 0 0 0 
0 0 0.000000 0 0 0.000000 0.000000 
0 0 0 0 0 0
0001001080 4 0 0 "Hbrace" ""  0
"L90X7" "JIS-SS400" 270.000000 0 1
0.000000 0.000000 1.000000 2474500.0000 906725.0000 -90610.0000 2472775.0000 905000.0000 -90610.0000 0.000000 0.000000
0.000000 0.000000
0.0000 0.0000 0.0000 0.0000 0.0000 0.0000
0 0 0 0 0 0 0 0 0 0 0 0
0 ""  0 "4/10/19" "14:27:18" "6/19/19" "09:46:06" 0 0 
0 0 0 0 0 0 0 0 0 0 0 0 
0 0 0.000000 0 0 0.000000 0.000000 
0 0 0 0 0 0
0001001081 8 0 0 "Vbrace" ""  0
"T150X150" "JIS-SM490A" 270.000000 0 0
0.000000 0.000000 1.000000 2468500.0000 905055.7007 -90649.9992 2468500.0000 907000.0000 -92500.0000 0.000000 0.000000
0.000000 0.000000
0.0000 0.0000 0.0000 0.0000 0.0000 0.0000
0 0 0 0 0 0 0 0 0 0 0 0
0 ""  0 "4/10/19" "14:27:18" "5/07/19" "15:04:16" 0 0 
0 0 0 0 0 0 0 0 0 0 0 0 
0 0 0.000000 0 0 0.000000 0.000000 
0 0 0 0 0 0
0001001082 8 0 0 "Beam" ""  0
"H244X175" "JIS-SM490A" 0.000000 0 0
0.000000 0.000000 1.000000 2468500.0000 905000.0000 -92500.0000 2474500.0000 905000.0000 -92500.0000 0.000000 0.000000
0.000000 0.000000
0.0000 0.0000 0.0000 0.0000 0.0000 0.0000
0 0 0 0 0 0 0 0 0 0 0 0
0 ""  0 "4/10/19" "14:27:22" "6/19/19" "19:10:57" 0 0 
0 0 0 0 0 0 0 0 0 0 0 0 
0 0 0.000000 0 0 0.000000 0.000000 
0 0 0 0 0 0
0001001083 8 0 0 "Beam" ""  0
"H244X175" "JIS-SM490A" 0.000000 0 0
0.000000 0.000000 1.000000 2468500.0000 907000.0000 -92500.0000 2468500.0000 904900.0000 -92500.0000 0.000000 0.000000
0.000000 0.000000
0.0000 0.0000 0.0000 0.0000 0.0000 0.0000
0 0 0 0 0 0 0 0 0 0 0 0
0 ""  0 "4/10/19" "14:27:22" "6/19/19" "19:11:00" 0 0 
0 0 0 0 0 0 0 0 0 0 0 0 
0 0 0.000000 0 0 0.000000 0.000000 
0 0 0 0 0 0
0001001085 8 0 0 "Beam" ""  0
"H244X175" "JIS-SM490A" 0.000000 0 0
0.000000 0.000000 1.000000 2474500.0000 907000.0000 -92500.0000 2474500.0000 904900.0000 -92500.0000 0.000000 0.000000
0.000000 0.000000
0.0000 0.0000 0.0000 0.0000 0.0000 0.0000
0 0 0 0 0 0 0 0 0 0 0 0
0 ""  0 "4/10/19" "14:27:22" "6/19/19" "19:11:06" 0 0 
0 0 0 0 0 0 0 0 0 0 0 0 
0 0 0.000000 0 0 0.000000 0.000000 
0 0 0 0 0 0
0001001086 4 0 0 "Hbrace" ""  0
"L90X7" "JIS-SS400" 90.000000 0 0
0.000000 0.000000 1.000000 2468500.0000 906725.0000 -92610.0000 2470225.0000 905000.0000 -92610.0000 0.000000 0.000000
0.000000 0.000000
0.0000 0.0000 0.0000 0.0000 0.0000 0.0000
0 0 0 0 0 0 0 0 0 0 0 0
0 ""  0 "4/10/19" "14:27:22" "6/19/19" "09:33:49" 0 0 
0 0 0 0 0 0 0 0 0 0 0 0 
0 0 0.000000 0 0 0.000000 0.000000 
0 0 0 0 0 0
0001001087 4 0 0 "Hbrace" ""  0
"L90X7" "JIS-SS400" 270.000000 0 1
0.000000 0.000000 1.000000 2474500.0000 906725.0000 -92610.0000 2472775.0000 905000.0000 -92610.0000 0.000000 0.000000
0.000000 0.000000
0.0000 0.0000 0.0000 0.0000 0.0000 0.0000
0 0 0 0 0 0 0 0 0 0 0 0
0 ""  0 "4/10/19" "14:27:22" "6/19/19" "09:33:57" 0 0 
0 0 0 0 0 0 0 0 0 0 0 0 
0 0 0.000000 0 0 0.000000 0.000000 
0 0 0 0 0 0
0001001088 8 0 0 "Vbrace" ""  0
"T150X150" "JIS-SM490A" 270.000000 0 0
0.000000 0.000000 1.000000 2468500.0000 905055.7007 -92649.9992 2468500.0000 907000.0000 -94500.0000 0.000000 0.000000
0.000000 0.000000
0.0000 0.0000 0.0000 0.0000 0.0000 0.0000
0 0 0 0 0 0 0 0 0 0 0 0
0 ""  0 "4/10/19" "14:27:22" "4/18/19" "17:10:31" 0 0 
0 0 0 0 0 0 0 0 0 0 0 0 
0 0 0.000000 0 0 0.000000 0.000000 
0 0 0 0 0 0
0001001098 8 0 0 "Beam" ""  0
"H244X175" "JIS-SM490A" 0.000000 0 0
0.000000 0.000000 1.000000 2474500.0000 920500.0000 -88500.0000 2468500.0000 920500.0000 -88500.0000 0.000000 0.000000
0.000000 0.000000
0.0000 0.0000 0.0000 0.0000 0.0000 0.0000
0 0 0 0 0 0 0 0 0 0 0 0
0 ""  0 "4/10/19" "15:07:15" "6/19/19" "19:26:15" 0 0 
0 0 0 0 0 0 0 0 0 0 0 0 
0 0 0.000000 0 0 0.000000 0.000000 
0 0 0 0 0 0
0001001099 8 0 0 "Beam" ""  0
"H244X175" "JIS-SM490A" 0.000000 0 0
0.000000 0.000000 1.000000 2474500.0000 920500.0000 -90500.0000 2468500.0000 920500.0000 -90500.0000 0.000000 0.000000
0.000000 0.000000
0.0000 0.0000 0.0000 0.0000 0.0000 0.0000
0 0 0 0 0 0 0 0 0 0 0 0
0 ""  0 "4/10/19" "15:07:15" "6/19/19" "19:22:45" 0 0 
0 0 0 0 0 0 0 0 0 0 0 0 
0 0 0.000000 0 0 0.000000 0.000000 
0 0 0 0 0 0
0001001100 8 0 0 "Beam" ""  0
"H244X175" "JIS-SM490A" 0.000000 0 0
0.000000 0.000000 1.000000 2474500.0000 920500.0000 -92500.0000 2468500.0000 920500.0000 -92500.0000 0.000000 0.000000
0.000000 0.000000
0.0000 0.0000 0.0000 0.0000 0.0000 0.0000
0 0 0 0 0 0 0 0 0 0 0 0
0 ""  0 "4/10/19" "15:07:16" "6/19/19" "19:10:49" 0 0 
0 0 0 0 0 0 0 0 0 0 0 0 
0 0 0.000000 0 0 0.000000 0.000000 
0 0 0 0 0 0
0001001101 8 0 0 "Beam" ""  0
"H244X175" "JIS-SM490A" 0.000000 0 0
0.000000 0.000000 1.000000 2474500.0000 920500.0000 -86500.0000 2468500.0000 920500.0000 -86500.0000 0.000000 0.000000
0.000000 0.000000
0.0000 0.0000 0.0000 0.0000 0.0000 0.0000
0 0 0 0 0 0 0 0 0 0 0 0
0 ""  0 "4/10/19" "15:07:16" "7/02/19" "20:34:02" 0 0 
0 0 0 0 0 0 0 0 0 0 0 0 
0 0 0.000000 0 0 0.000000 0.000000 
0 0 0 0 0 0
0001001102 8 0 0 "Beam" ""  0
"H244X175" "JIS-SM490A" 0.000000 0 0
0.000000 0.000000 1.000000 2474500.0000 912500.0000 -90500.0000 2468500.0000 912500.0000 -90500.0000 0.000000 0.000000
0.000000 0.000000
0.0000 0.0000 0.0000 0.0000 0.0000 0.0000
0 0 0 0 0 0 0 0 0 0 0 0
0 ""  0 "4/10/19" "15:07:16" "6/19/19" "19:22:57" 0 0 
0 0 0 0 0 0 0 0 0 0 0 0 
0 0 0.000000 0 0 0.000000 0.000000 
0 0 0 0 0 0
0001001103 8 0 0 "Beam" ""  0
"H244X175" "JIS-SM490A" 0.000000 0 0
0.000000 0.000000 1.000000 2474500.0000 912500.0000 -92500.0000 2468500.0000 912500.0000 -92500.0000 0.000000 0.000000
0.000000 0.000000
0.0000 0.0000 0.0000 0.0000 0.0000 0.0000
0 0 0 0 0 0 0 0 0 0 0 0
0 ""  0 "4/10/19" "15:07:16" "6/19/19" "19:10:52" 0 0 
0 0 0 0 0 0 0 0 0 0 0 0 
0 0 0.000000 0 0 0.000000 0.000000 
0 0 0 0 0 0
0001001104 8 0 0 "Beam" ""  0
"H244X175" "JIS-SM490A" 0.000000 0 0
0.000000 0.000000 1.000000 2474500.0000 912500.0000 -86500.0000 2468500.0000 912500.0000 -86500.0000 0.000000 0.000000
0.000000 0.000000
0.0000 0.0000 0.0000 0.0000 0.0000 0.0000
0 0 0 0 0 0 0 0 0 0 0 0
0 ""  0 "4/10/19" "15:07:16" "7/02/19" "20:34:02" 0 0 
0 0 0 0 0 0 0 0 0 0 0 0 
0 0 0.000000 0 0 0.000000 0.000000 
0 0 0 0 0 0
0001001105 8 0 0 "Beam" ""  0
"H194X150" "JIS-SM490A" 0.000000 0 0
0.000000 0.000000 1.000000 2474500.0000 913100.0000 -88500.0000 2468500.0000 913100.0000 -88500.0000 0.000000 0.000000
0.000000 0.000000
0.0000 0.0000 0.0000 0.0000 0.0000 0.0000
0 0 0 0 0 0 0 0 0 0 0 0
0 ""  0 "4/10/19" "15:07:16" "6/19/19" "19:45:57" 0 0 
0 0 0 0 0 0 0 0 0 0 0 0 
0 0 0.000000 0 0 0.000000 0.000000 
0 0 0 0 0 0
0001001109 8 0 0 "Beam" ""  0
"H294X200" "A36" 0.000000 0 0
0.000000 0.000000 1.000000 2468500.0000 907000.0000 -89500.0000 2468500.0000 915000.0000 -89500.0000 0.000000 0.000000
0.000000 0.000000
0.0000 0.0000 0.0000 0.0000 0.0000 0.0000
0 0 0 0 0 0 0 0 0 0 0 0
0 ""  0 "4/24/19" "17:05:50" "6/19/19" "19:25:11" 0 0 
0 0 0 0 0 0 0 0 0 0 0 0 
0 0 0.000000 0 0 0.000000 0.000000 
0 0 0 0 0 0
0001001110 8 0 0 "Beam" ""  0
"H294X200" "A36" 0.000000 0 0
0.000000 0.000000 1.000000 2474500.0000 907000.0000 -89500.0000 2474500.0000 915000.0000 -89500.0000 0.000000 0.000000
0.000000 0.000000
0.0000 0.0000 0.0000 0.0000 0.0000 0.0000
0 0 0 0 0 0 0 0 0 0 0 0
0 ""  0 "4/24/19" "17:05:56" "6/20/19" "18:19:58" 0 0 
0 0 0 0 0 0 0 0 0 0 0 0 
0 0 0.000000 0 0 0.000000 0.000000 
0 0 0 0 0 0
0001001111 8 0 0 "Beam" ""  0
"H194X150" "A36" 0.000000 0 0
0.000000 0.000000 1.000000 2468500.0000 907000.0000 -89500.0000 2467000.0000 907000.0000 -89500.0000 0.000000 0.000000
0.000000 0.000000
0.0000 0.0000 0.0000 0.0000 0.0000 0.0000
0 0 0 0 0 0 0 0 0 0 0 0
0 ""  0 "4/24/19" "17:07:03" "6/20/19" "18:23:36" 0 0 
0 0 0 0 0 0 0 0 0 0 0 0 
0 0 0.000000 0 0 0.000000 0.000000 
0 0 0 0 0 0
0001001112 8 0 0 "Beam" ""  0
"H194X150" "A36" 0.000000 0 0
0.000000 0.000000 1.000000 2467100.0000 907000.0000 -89500.0000 2467100.0000 915000.0000 -89500.0000 0.000000 0.000000
0.000000 0.000000
0.0000 0.0000 0.0000 0.0000 0.0000 0.0000
0 0 0 0 0 0 0 0 0 0 0 0
0 ""  0 "4/24/19" "17:07:04" "6/19/19" "09:52:10" 0 0 
0 0 0 0 0 0 0 0 0 0 0 0 
0 0 0.000000 0 0 0.000000 0.000000 
0 0 0 0 0 0
0001001113 8 0 0 "Beam" ""  0
"H194X150" "A36" 0.000000 0 0
0.000000 0.000000 1.000000 2468500.0000 915000.0000 -89500.0000 2467000.0000 915000.0000 -89500.0000 0.000000 0.000000
0.000000 0.000000
0.0000 0.0000 0.0000 0.0000 0.0000 0.0000
0 0 0 0 0 0 0 0 0 0 0 0
0 ""  0 "4/24/19" "17:07:07" "6/20/19" "18:23:42" 0 0 
0 0 0 0 0 0 0 0 0 0 0 0 
0 0 0.000000 0 0 0.000000 0.000000 
0 0 0 0 0 0
0001001114 8 0 0 "Beam" ""  0
"H194X150" "A36" 0.000000 0 0
0.000000 0.000000 1.000000 2468500.0000 910750.0000 -89500.0000 2467100.0000 910750.0000 -89500.0000 0.000000 0.000000
0.000000 0.000000
0.0000 0.0000 0.0000 0.0000 0.0000 0.0000
0 0 0 0 0 0 0 0 0 0 0 0
0 ""  0 "4/24/19" "17:09:07" "6/19/19" "19:24:50" 0 0 
0 0 0 0 0 0 0 0 0 0 0 0 
0 0 0.000000 0 0 0.000000 0.000000 
0 0 0 0 0 0
0001001115 8 0 0 "Beam" ""  0
"H194X150" "A36" 0.000000 0 0
0.000000 0.000000 1.000000 2474500.0000 910750.0000 -89500.0000 2475900.0000 910750.0000 -89500.0000 0.000000 0.000000
0.000000 0.000000
0.0000 0.0000 0.0000 0.0000 0.0000 0.0000
0 0 0 0 0 0 0 0 0 0 0 0
0 ""  0 "4/24/19" "17:09:09" "6/19/19" "19:24:44" 0 0 
0 0 0 0 0 0 0 0 0 0 0 0 
0 0 0.000000 0 0 0.000000 0.000000 
0 0 0 0 0 0
0001001116 8 0 0 "Beam" ""  0
"H244X175" "A36" 0.000000 0 0
0.000000 0.000000 1.000000 2468500.0000 909800.0000 -89500.0000 2474500.0000 909800.0000 -89500.0000 0.000000 0.000000
0.000000 0.000000
0.0000 0.0000 0.0000 0.0000 0.0000 0.0000
0 0 0 0 0 0 0 0 0 0 0 0
0 ""  0 "4/24/19" "17:10:00" "6/19/19" "19:25:02" 0 0 
0 0 0 0 0 0 0 0 0 0 0 0 
0 0 0.000000 0 0 0.000000 0.000000 
0 0 0 0 0 0
0001001117 8 0 0 "Beam" ""  0
"H244X175" "A36" 0.000000 0 0
0.000000 0.000000 1.000000 2468500.0000 907980.0000 -89500.0000 2474500.0000 907980.0000 -89500.0000 0.000000 0.000000
0.000000 0.000000
0.0000 0.0000 0.0000 0.0000 0.0000 0.0000
0 0 0 0 0 0 0 0 0 0 0 0
0 ""  0 "4/24/19" "17:10:03" "6/19/19" "19:25:03" 0 0 
0 0 0 0 0 0 0 0 0 0 0 0 
0 0 0.000000 0 0 0.000000 0.000000 
0 0 0 0 0 0
0001001118 8 0 0 "Beam" ""  0
"H244X175" "A36" 0.000000 0 0
0.000000 0.000000 1.000000 2468500.0000 910750.0000 -89500.0000 2474500.0000 910750.0000 -89500.0000 0.000000 0.000000
0.000000 0.000000
0.0000 0.0000 0.0000 0.0000 0.0000 0.0000
0 0 0 0 0 0 0 0 0 0 0 0
0 ""  0 "4/24/19" "17:10:40" "6/19/19" "19:25:01" 0 0 
0 0 0 0 0 0 0 0 0 0 0 0 
0 0 0.000000 0 0 0.000000 0.000000 
0 0 0 0 0 0
0001001119 8 0 0 "Beam" ""  0
"H244X175" "A36" 0.000000 0 0
0.000000 0.000000 1.000000 2468500.0000 907000.0000 -89500.0000 2474500.0000 907000.0000 -89500.0000 0.000000 0.000000
0.000000 0.000000
0.0000 0.0000 0.0000 0.0000 0.0000 0.0000
0 0 0 0 0 0 0 0 0 0 0 0
0 ""  0 "4/24/19" "17:10:47" "6/19/19" "19:25:04" 0 0 
0 0 0 0 0 0 0 0 0 0 0 0 
0 0 0.000000 0 0 0.000000 0.000000 
0 0 0 0 0 0
0001001122 8 0 0 "Beam" ""  0
"H194X150" "A36" 0.000000 0 0
0.000000 0.000000 1.000000 2475900.0000 910750.0000 -94000.0000 2475900.0000 912500.0000 -94000.0000 0.000000 0.000000
0.000000 0.000000
0.0000 0.0000 0.0000 0.0000 0.0000 0.0000
0 0 0 0 0 0 0 0 0 0 0 0
0 ""  0 "4/24/19" "17:43:07" "6/19/19" "15:30:17" 0 0 
0 0 0 0 0 0 0 0 0 0 0 0 
0 0 0.000000 0 0 0.000000 0.000000 
0 0 0 0 0 0
0001001123 8 0 0 "Beam" ""  0
"H294X200" "A36" 0.000000 0 0
0.000000 0.000000 1.000000 2474500.0000 907000.0000 -94500.0000 2474500.0000 915000.0000 -94500.0000 0.000000 0.000000
0.000000 0.000000
0.0000 0.0000 0.0000 0.0000 0.0000 0.0000
0 0 0 0 0 0 0 0 0 0 0 0
0 ""  0 "4/24/19" "17:44:45" "6/19/19" "19:10:14" 0 0 
0 0 0 0 0 0 0 0 0 0 0 0 
0 0 0.000000 0 0 0.000000 0.000000 
0 0 0 0 0 0
0001001124 8 0 0 "Beam" ""  0
"H194X150" "A36" 0.000000 0 0
0.000000 0.000000 1.000000 2474500.0000 912500.0000 -94000.0000 2476000.0000 912500.0000 -94000.0000 0.000000 0.000000
0.000000 0.000000
0.0000 0.0000 0.0000 0.0000 0.0000 0.0000
0 0 0 0 0 0 0 0 0 0 0 0
0 ""  0 "4/24/19" "17:44:57" "6/20/19" "09:56:39" 0 0 
0 0 0 0 0 0 0 0 0 0 0 0 
0 0 0.000000 0 0 0.000000 0.000000 
0 0 0 0 0 0
0001001125 8 0 0 "Beam" ""  0
"H194X150" "A36" 0.000000 0 0
0.000000 0.000000 1.000000 2474500.0000 910750.0000 -94000.0000 2476000.0000 910750.0000 -94000.0000 0.000000 0.000000
0.000000 0.000000
0.0000 0.0000 0.0000 0.0000 0.0000 0.0000
0 0 0 0 0 0 0 0 0 0 0 0
0 ""  0 "4/24/19" "17:44:59" "6/20/19" "09:56:45" 0 0 
0 0 0 0 0 0 0 0 0 0 0 0 
0 0 0.000000 0 0 0.000000 0.000000 
0 0 0 0 0 0
0001001128 8 0 0 "Hbrace" ""  0
"T150X150" "A36" 0.000000 0 0
0.000000 0.000000 1.000000 2468500.0000 918250.0000 -92610.0000 2471500.0000 920500.0000 -92610.0000 0.000000 0.000000
0.000000 0.000000
0.0000 -250.0000 0.0000 0.0000 0.0000 0.0000
0 0 0 0 0 0 0 0 0 0 0 0
0 ""  0 "4/24/19" "17:49:35" "6/19/19" "19:19:18" 0 0 
0 0 0 0 0 0 0 0 0 0 0 0 
0 0 0.000000 0 0 0.000000 0.000000 
0 0 0 0 0 0
0001001129 8 0 0 "Hbrace" ""  0
"T150X150" "A36" 0.000000 0 0
0.000000 0.000000 1.000000 2471500.0000 920500.0000 -92610.0000 2474500.0000 918250.0000 -92610.0000 0.000000 0.000000
0.000000 0.000000
0.0000 0.0000 0.0000 0.0000 -250.0000 0.0000
0 0 0 0 0 0 0 0 0 0 0 0
0 ""  0 "4/24/19" "17:49:38" "6/19/19" "19:19:18" 0 0 
0 0 0 0 0 0 0 0 0 0 0 0 
0 0 0.000000 0 0 0.000000 0.000000 
0 0 0 0 0 0
0001001130 8 0 0 "Beam" ""  0
"H194X150" "A36" 0.000000 0 0
0.000000 0.000000 1.000000 2474500.0000 907000.0000 -89500.0000 2476000.0000 907000.0000 -89500.0000 0.000000 0.000000
0.000000 0.000000
0.0000 0.0000 0.0000 0.0000 0.0000 0.0000
0 0 0 0 0 0 0 0 0 0 0 0
0 ""  0 "4/24/19" "17:50:43" "6/19/19" "09:53:23" 0 0 
0 0 0 0 0 0 0 0 0 0 0 0 
0 0 0.000000 0 0 0.000000 0.000000 
0 0 0 0 0 0
0001001131 8 0 0 "Beam" ""  0
"H194X150" "A36" 0.000000 0 0
0.000000 0.000000 1.000000 2475900.0000 907000.0000 -89500.0000 2475900.0000 915000.0000 -89500.0000 0.000000 0.000000
0.000000 0.000000
0.0000 0.0000 0.0000 0.0000 0.0000 0.0000
0 0 0 0 0 0 0 0 0 0 0 0
0 ""  0 "4/24/19" "17:50:43" "4/24/19" "17:50:43" 0 0 
0 0 0 0 0 0 0 0 0 0 0 0 
0 0 0.000000 0 0 0.000000 0.000000 
0 0 0 0 0 0
0001001132 4 0 0 "Hbrace" ""  0
"L90X7" "A36" 90.000000 0 0
0.000000 0.000000 1.000000 2474820.0000 907000.0000 -89610.0000 2475900.0000 908080.0000 -89610.0000 0.000000 0.000000
0.000000 0.000000
0.0000 0.0000 0.0000 0.0000 0.0000 0.0000
0 0 0 0 0 0 0 0 0 0 0 0
0 ""  0 "4/24/19" "17:50:43" "4/24/19" "17:50:43" 0 0 
0 0 0 0 0 0 0 0 0 0 0 0 
0 0 0.000000 0 0 0.000000 0.000000 
0 0 0 0 0 0
0001001133 8 0 0 "Beam" ""  0
"H194X150" "A36" 0.000000 0 0
0.000000 0.000000 1.000000 2474500.0000 915000.0000 -89500.0000 2476000.0000 915000.0000 -89500.0000 0.000000 0.000000
0.000000 0.000000
0.0000 0.0000 0.0000 0.0000 0.0000 0.0000
0 0 0 0 0 0 0 0 0 0 0 0
0 ""  0 "4/24/19" "17:50:43" "6/19/19" "09:53:10" 0 0 
0 0 0 0 0 0 0 0 0 0 0 0 
0 0 0.000000 0 0 0.000000 0.000000 
0 0 0 0 0 0
0001001134 4 0 0 "Hbrace" ""  0
"L90X7" "A36" 90.000000 0 0
0.000000 0.000000 1.000000 2474820.0000 915000.0000 -89610.0000 2475900.0000 913920.0000 -89610.0000 0.000000 0.000000
0.000000 0.000000
0.0000 0.0000 0.0000 0.0000 0.0000 0.0000
0 0 0 0 0 0 0 0 0 0 0 0
0 ""  0 "4/24/19" "17:50:43" "4/24/19" "17:50:43" 0 0 
0 0 0 0 0 0 0 0 0 0 0 0 
0 0 0.000000 0 0 0.000000 0.000000 
0 0 0 0 0 0
0001001135 8 0 0 "Hbrace" ""  0
"T150X150" "A36" 0.000000 0 0
0.000000 0.000000 1.000000 2468725.0000 918000.0000 -88610.0000 2471500.0000 920500.0000 -88610.0000 0.000000 0.000000
0.000000 0.000000
0.0000 0.0000 0.0000 0.0000 0.0000 0.0000
0 0 0 0 0 0 0 0 0 0 0 0
0 ""  0 "4/24/19" "17:51:47" "4/24/19" "17:51:47" 0 0 
0 0 0 0 0 0 0 0 0 0 0 0 
0 0 0.000000 0 0 0.000000 0.000000 
0 0 0 0 0 0
0001001136 8 0 0 "Hbrace" ""  0
"T150X150" "A36" 0.000000 0 0
0.000000 0.000000 1.000000 2471500.0000 920500.0000 -88610.0000 2474275.0000 918000.0000 -88610.0000 0.000000 0.000000
0.000000 0.000000
0.0000 0.0000 0.0000 0.0000 0.0000 0.0000
0 0 0 0 0 0 0 0 0 0 0 0
0 ""  0 "4/24/19" "17:51:47" "4/24/19" "17:51:47" 0 0 
0 0 0 0 0 0 0 0 0 0 0 0 
0 0 0.000000 0 0 0.000000 0.000000 
0 0 0 0 0 0
0001001137 8 0 0 "Hbrace" ""  0
"T150X150" "A36" 0.000000 0 0
0.000000 0.000000 1.000000 2468725.0000 918000.0000 -86610.0000 2471500.0000 920500.0000 -86610.0000 0.000000 0.000000
0.000000 0.000000
0.0000 0.0000 0.0000 0.0000 0.0000 0.0000
0 0 0 0 0 0 0 0 0 0 0 0
0 ""  0 "4/24/19" "17:52:20" "7/02/19" "14:38:35" 0 0 
0 0 0 0 0 0 0 0 0 0 0 0 
0 0 0.000000 0 0 0.000000 0.000000 
0 0 0 0 0 0
0001001138 8 0 0 "Hbrace" ""  0
"T150X150" "A36" 0.000000 0 0
0.000000 0.000000 1.000000 2471500.0000 920500.0000 -86610.0000 2474275.0000 918000.0000 -86610.0000 0.000000 0.000000
0.000000 0.000000
0.0000 0.0000 0.0000 0.0000 0.0000 0.0000
0 0 0 0 0 0 0 0 0 0 0 0
0 ""  0 "4/24/19" "17:52:20" "7/02/19" "14:38:35" 0 0 
0 0 0 0 0 0 0 0 0 0 0 0 
0 0 0.000000 0 0 0.000000 0.000000 
0 0 0 0 0 0
0001001139 4 0 0 "Vbrace" ""  0
"L90X7" "A36" 180.000000 0 0
0.000000 0.000000 1.000000 2467100.0000 907000.0000 -89597.0000 2468500.0000 907000.0000 -90997.0000 0.000000 0.000000
0.000000 0.000000
0.0000 0.0000 0.0000 0.0000 0.0000 0.0000
0 0 0 0 0 0 0 0 0 0 0 0
0 ""  0 "4/24/19" "17:56:53" "4/24/19" "17:56:59" 0 0 
0 0 0 0 0 0 0 0 0 0 0 0 
0 0 0.000000 0 0 0.000000 0.000000 
0 0 0 0 0 0
0001001141 4 0 0 "Vbrace" ""  0
"L90X7" "A36" 180.000000 0 0
0.000000 0.000000 1.000000 2474500.0000 907000.0000 -90997.0000 2475900.0000 907000.0000 -89597.0000 0.000000 0.000000
0.000000 0.000000
0.0000 0.0000 0.0000 0.0000 0.0000 0.0000
0 0 0 0 0 0 0 0 0 0 0 0
0 ""  0 "4/24/19" "17:57:26" "4/24/19" "17:57:31" 0 0 
0 0 0 0 0 0 0 0 0 0 0 0 
0 0 0.000000 0 0 0.000000 0.000000 
0 0 0 0 0 0
0001001143 4 0 0 "Vbrace" ""  0
"L90X7" "A36" 180.000000 0 0
0.000000 0.000000 1.000000 2474500.0000 915000.0000 -90997.0000 2475900.0000 915000.0000 -89597.0000 0.000000 0.000000
0.000000 0.000000
0.0000 0.0000 0.0000 0.0000 0.0000 0.0000
0 0 0 0 0 0 0 0 0 0 0 0
0 ""  0 "4/24/19" "17:57:54" "4/24/19" "17:57:54" 0 0 
0 0 0 0 0 0 0 0 0 0 0 0 
0 0 0.000000 0 0 0.000000 0.000000 
0 0 0 0 0 0
0001001144 4 0 0 "Vbrace" ""  0
"L90X7" "A36" 180.000000 0 0
0.000000 0.000000 1.000000 2467100.0000 915000.0000 -89597.0000 2468500.0000 915000.0000 -90997.0000 0.000000 0.000000
0.000000 0.000000
0.0000 0.0000 0.0000 0.0000 0.0000 0.0000
0 0 0 0 0 0 0 0 0 0 0 0
0 ""  0 "4/24/19" "17:57:54" "4/24/19" "17:57:54" 0 0 
0 0 0 0 0 0 0 0 0 0 0 0 
0 0 0.000000 0 0 0.000000 0.000000 
0 0 0 0 0 0
0001001145 5 0 0 "Column" ""  0
"H150X150" "A36" 90.000000 0 0
1.000000 0.000000 0.000000 2468500.0000 913100.0000 -89500.0000 2468500.0000 913100.0000 -88500.0000 0.000000 0.000000
0.000000 0.000000
0.0000 0.0000 0.0000 0.0000 0.0000 0.0000
0 0 0 0 0 0 0 0 0 0 0 0
0 ""  0 "4/29/19" "10:49:24" "6/19/19" "19:46:20" 0 0 
0 0 0 0 0 0 0 0 0 0 0 0 
0 0 0.000000 0 0 0.000000 0.000000 
0 0 0 0 0 0
0001001146 5 0 0 "Column" ""  0
"H150X150" "A36" 90.000000 0 0
1.000000 0.000000 0.000000 2474500.0000 913100.0000 -89500.0000 2474500.0000 913100.0000 -88500.0000 0.000000 0.000000
0.000000 0.000000
0.0000 0.0000 0.0000 0.0000 0.0000 0.0000
0 0 0 0 0 0 0 0 0 0 0 0
0 ""  0 "4/29/19" "10:49:26" "6/19/19" "19:46:22" 0 0 
0 0 0 0 0 0 0 0 0 0 0 0 
0 0 0.000000 0 0 0.000000 0.000000 
0 0 0 0 0 0
0001001148 8 0 0 "Beam" ""  0
"H294X200" "A36" 0.000000 0 0
0.000000 0.000000 1.000000 2468500.0000 907000.0000 -94500.0000 2468500.0000 915000.0000 -94500.0000 0.000000 0.000000
0.000000 0.000000
0.0000 0.0000 0.0000 0.0000 0.0000 0.0000
0 0 0 0 0 0 0 0 0 0 0 0
0 ""  0 "4/29/19" "10:58:15" "6/19/19" "19:10:13" 0 0 
0 0 0 0 0 0 0 0 0 0 0 0 
0 0 0.000000 0 0 0.000000 0.000000 
0 0 0 0 0 0
0001001149 8 0 0 "Beam" ""  0
"H244X175" "A36" 0.000000 0 0
0.000000 0.000000 1.000000 2468500.0000 909600.0000 -94500.0000 2474500.0000 909600.0000 -94500.0000 0.000000 0.000000
0.000000 0.000000
0.0000 0.0000 0.0000 0.0000 0.0000 0.0000
0 0 0 0 0 0 0 0 0 0 0 0
0 ""  0 "4/29/19" "10:58:41" "6/19/19" "19:10:23" 0 0 
0 0 0 0 0 0 0 0 0 0 0 0 
0 0 0.000000 0 0 0.000000 0.000000 
0 0 0 0 0 0
0001001150 8 0 0 "Beam" ""  0
"H340X250" "A36" 0.000000 0 0
0.000000 0.000000 1.000000 2468500.0000 907000.0000 -94500.0000 2474500.0000 907000.0000 -94500.0000 0.000000 0.000000
0.000000 0.000000
0.0000 0.0000 0.0000 0.0000 0.0000 0.0000
0 0 0 0 0 0 0 0 0 0 0 0
0 ""  0 "4/29/19" "10:58:56" "4/29/19" "10:59:03" 0 0 
0 0 0 0 0 0 0 0 0 0 0 0 
0 0 0.000000 0 0 0.000000 0.000000 
0 0 0 0 0 0
0001001151 8 0 0 "Beam" ""  0
"H194X150" "JIS-SM490A" 0.000000 0 0
0.000000 0.000000 1.000000 2468500.0000 904000.0000 -88500.0000 2474500.0000 904000.0000 -88500.0000 0.000000 0.000000
0.000000 0.000000
0.0000 0.0000 0.0000 0.0000 0.0000 0.0000
0 0 0 0 0 0 0 0 0 0 0 0
0 ""  0 "5/07/19" "15:10:38" "7/02/19" "14:59:14" 0 0 
0 0 0 0 0 0 0 0 0 0 0 0 
0 0 0.000000 0 0 0.000000 0.000000 
0 0 0 0 0 0
0001001152 8 0 0 "Beam" ""  0
"H194X150" "JIS-SM490A" 0.000000 0 0
0.000000 0.000000 1.000000 2468500.0000 907000.0000 -88500.0000 2468500.0000 903900.0000 -88500.0000 0.000000 0.000000
0.000000 0.000000
0.0000 0.0000 0.0000 0.0000 0.0000 0.0000
0 0 0 0 0 0 0 0 0 0 0 0
0 ""  0 "5/07/19" "15:10:38" "7/02/19" "14:43:51" 0 0 
0 0 0 0 0 0 0 0 0 0 0 0 
0 0 0.000000 0 0 0.000000 0.000000 
0 0 0 0 0 0
0001001154 8 0 0 "Beam" ""  0
"H194X150" "JIS-SM490A" 0.000000 0 0
0.000000 0.000000 1.000000 2474500.0000 907000.0000 -88500.0000 2474500.0000 903900.0000 -88500.0000 0.000000 0.000000
0.000000 0.000000
0.0000 0.0000 0.0000 0.0000 0.0000 0.0000
0 0 0 0 0 0 0 0 0 0 0 0
0 ""  0 "5/07/19" "15:10:38" "7/02/19" "14:43:56" 0 0 
0 0 0 0 0 0 0 0 0 0 0 0 
0 0 0.000000 0 0 0.000000 0.000000 
0 0 0 0 0 0
0001001155 4 0 0 "Hbrace" ""  0
"L90X7" "JIS-SS400" 90.000000 0 0
0.000000 0.000000 1.000000 2468820.0000 907000.0000 -88610.0000 2471500.0000 904000.0000 -88610.0000 0.000000 0.000000
0.000000 0.000000
0.0000 0.0000 0.0000 0.0000 0.0000 0.0000
0 0 0 0 0 0 0 0 0 0 0 0
0 ""  0 "5/07/19" "15:10:38" "6/19/19" "09:59:15" 0 0 
0 0 0 0 0 0 0 0 0 0 0 0 
0 0 0.000000 0 0 0.000000 0.000000 
0 0 0 0 0 0
0001001156 4 0 0 "Hbrace" ""  0
"L90X7" "JIS-SS400" 270.000000 0 1
0.000000 0.000000 1.000000 2474180.0000 907000.0000 -88610.0000 2471500.0000 904000.0000 -88610.0000 0.000000 0.000000
0.000000 0.000000
0.0000 0.0000 0.0000 0.0000 0.0000 0.0000
0 0 0 0 0 0 0 0 0 0 0 0
0 ""  0 "5/07/19" "15:10:38" "6/19/19" "09:59:09" 0 0 
0 0 0 0 0 0 0 0 0 0 0 0 
0 0 0.000000 0 0 0.000000 0.000000 
0 0 0 0 0 0
0001001157 8 0 0 "Vbrace" ""  0
"T150X150" "JIS-SM490A" 270.000000 0 0
0.000000 0.000000 1.000000 2468500.0000 905000.0000 -88597.0000 2468500.0000 907000.0000 -90500.0000 0.000000 0.000000
0.000000 0.000000
0.0000 0.0000 97.0000 0.0000 0.0000 0.0000
0 0 0 0 0 0 0 0 0 0 0 0
0 ""  0 "5/07/19" "15:10:38" "7/02/19" "14:57:21" 0 0 
0 0 0 0 0 0 0 0 0 0 0 0 
0 0 0.000000 0 0 0.000000 0.000000 
0 0 0 0 0 0
0001001214 8 0 0 "Beam" ""  0
"H244X175" "A36" 0.000000 0 0
0.000000 0.000000 1.000000 2468500.0000 912500.0000 -94500.0000 2474500.0000 912500.0000 -94500.0000 0.000000 0.000000
0.000000 0.000000
0.0000 0.0000 0.0000 0.0000 0.0000 0.0000
0 0 0 0 0 0 0 0 0 0 0 0
0 ""  0 "5/09/19" "10:26:29" "6/19/19" "19:10:22" 0 0 
0 0 0 0 0 0 0 0 0 0 0 0 
0 0 0.000000 0 0 0.000000 0.000000 
0 0 0 0 0 0
0001001298 5 0 0 "Column" ""  0
"H150X150" "A36" 0.000000 0 0
1.000000 0.000000 0.000000 2474500.0000 912500.0000 -94500.0000 2474500.0000 912500.0000 -92794.0000 0.000000 0.000000
0.000000 0.000000
0.0000 0.0000 0.0000 0.0000 0.0000 0.0000
0 0 0 0 0 0 0 0 0 0 0 0
0 ""  0 "6/19/19" "15:31:44" "6/20/19" "10:07:17" 0 0 
0 0 0 0 0 0 0 0 0 0 0 0 
0 0 0.000000 0 0 0.000000 0.000000 
0 0 0 0 0 0
0001001299 5 0 0 "Column" ""  0
"H150X150" "A36" 0.000000 0 0
1.000000 0.000000 0.000000 2474500.0000 910750.0000 -94500.0000 2474500.0000 910750.0000 -92794.0000 0.000000 0.000000
0.000000 0.000000
0.0000 0.0000 0.0000 0.0000 0.0000 0.0000
0 0 0 0 0 0 0 0 0 0 0 0
0 ""  0 "6/19/19" "15:31:49" "6/20/19" "15:06:31" 0 0 
0 0 0 0 0 0 0 0 0 0 0 0 
0 0 0.000000 0 0 0.000000 0.000000 
0 0 0 0 0 0
0001001300 8 0 0 "Beam" ""  0
"H194X150" "A36" 0.000000 0 0
0.000000 0.000000 1.000000 2474500.0000 910750.0000 -94000.0000 2474500.0000 912500.0000 -94000.0000 0.000000 0.000000
0.000000 0.000000
0.0000 0.0000 0.0000 0.0000 0.0000 0.0000
0 0 0 0 0 0 0 0 0 0 0 0
0 ""  0 "6/19/19" "16:32:12" "6/20/19" "19:19:44" 0 0 
0 0 0 0 0 0 0 0 0 0 0 0 
0 0 0.000000 0 0 0.000000 0.000000 
0 0 0 0 0 0
0001001301 8 0 0 "Hbrace" ""  0
"T150X150" "A36" 0.000000 0 0
0.000000 0.000000 1.000000 2468820.0000 907000.0000 -92610.0000 2471500.0000 909500.0000 -92610.0000 0.000000 0.000000
0.000000 0.000000
-320.0000 0.0000 0.0000 0.0000 0.0000 0.0000
0 0 0 0 0 0 0 0 0 0 0 0
0 ""  0 "6/19/19" "19:15:42" "6/19/19" "19:18:37" 0 0 
0 0 0 0 0 0 0 0 0 0 0 0 
0 0 0.000000 0 0 0.000000 0.000000 
0 0 0 0 0 0
0001001302 8 0 0 "Hbrace" ""  0
"T150X150" "A36" 0.000000 0 0
0.000000 0.000000 1.000000 2471500.0000 909500.0000 -92610.0000 2474180.0000 907000.0000 -92610.0000 0.000000 0.000000
0.000000 0.000000
0.0000 0.0000 0.0000 320.0000 0.0000 0.0000
0 0 0 0 0 0 0 0 0 0 0 0
0 ""  0 "6/19/19" "19:15:43" "6/20/19" "10:02:44" 0 0 
0 0 0 0 0 0 0 0 0 0 0 0 
0 0 0.000000 0 0 0.000000 0.000000 
0 0 0 0 0 0
0001001303 8 0 0 "Hbrace" ""  0
"T150X150" "A36" 0.000000 0 0
0.000000 0.000000 1.000000 2468500.0000 912250.0000 -92610.0000 2471500.0000 909500.0000 -92610.0000 0.000000 0.000000
0.000000 0.000000
0.0000 250.0000 0.0000 0.0000 0.0000 0.0000
0 0 0 0 0 0 0 0 0 0 0 0
0 ""  0 "6/19/19" "19:15:48" "6/19/19" "19:18:37" 0 0 
0 0 0 0 0 0 0 0 0 0 0 0 
0 0 0.000000 0 0 0.000000 0.000000 
0 0 0 0 0 0
0001001304 8 0 0 "Hbrace" ""  0
"T150X150" "A36" 0.000000 0 0
0.000000 0.000000 1.000000 2471500.0000 909500.0000 -92610.0000 2474500.0000 912250.0000 -92610.0000 0.000000 0.000000
0.000000 0.000000
0.0000 0.0000 0.0000 0.0000 250.0000 0.0000
0 0 0 0 0 0 0 0 0 0 0 0
0 ""  0 "6/19/19" "19:15:51" "6/19/19" "19:18:37" 0 0 
0 0 0 0 0 0 0 0 0 0 0 0 
0 0 0.000000 0 0 0.000000 0.000000 
0 0 0 0 0 0
0001001305 8 0 0 "Beam" ""  0
"H200X100" "A36" 0.000000 0 0
0.000000 0.000000 1.000000 2475200.0000 912500.0000 -94000.0000 2475200.0000 910750.0000 -94000.0000 0.000000 0.000000
0.000000 0.000000
0.0000 0.0000 0.0000 0.0000 0.0000 0.0000
0 0 0 0 0 0 0 0 0 0 0 0
0 ""  0 "6/20/19" "15:13:25" "6/20/19" "15:13:42" 0 0 
0 0 0 0 0 0 0 0 0 0 0 0 
0 0 0.000000 0 0 0.000000 0.000000 
0 0 0 0 0 0
0001001306 8 0 0 "Beam" ""  0
"H194X150" "A36" 0.000000 0 0
0.000000 0.000000 1.000000 2471500.0000 910750.0000 -89500.0000 2471500.0000 909800.0000 -89500.0000 0.000000 0.000000
0.000000 0.000000
0.0000 0.0000 0.0000 0.0000 0.0000 0.0000
0 0 0 0 0 0 0 0 0 0 0 0
0 ""  0 "6/20/19" "18:32:30" "6/20/19" "18:33:10" 0 0 
0 0 0 0 0 0 0 0 0 0 0 0 
0 0 0.000000 0 0 0.000000 0.000000 
0 0 0 0 0 0
0001001307 8 0 0 "Beam" ""  0
"H194X150" "A36" 0.000000 0 0
0.000000 0.000000 1.000000 2471500.0000 907980.0000 -89500.0000 2471500.0000 907000.0000 -89500.0000 0.000000 0.000000
0.000000 0.000000
0.0000 0.0000 0.0000 0.0000 0.0000 0.0000
0 0 0 0 0 0 0 0 0 0 0 0
0 ""  0 "6/20/19" "18:32:35" "6/20/19" "18:33:17" 0 0 
0 0 0 0 0 0 0 0 0 0 0 0 
0 0 0.000000 0 0 0.000000 0.000000 
0 0 0 0 0 0
0001001309 8 0 0 "Vbrace" ""  0
"T150X150" "A36" -90.000000 0 0
0.000000 0.000000 1.000000 2474500.0000 923500.0000 -94597.0000 2474500.0000 925500.0000 -92597.0000 0.000000 0.000000
0.000000 0.000000
0.0000 0.0000 0.0000 0.0000 0.0000 0.0000
0 0 0 0 0 0 0 0 0 0 0 0
0 ""  0 "6/20/19" "19:00:14" "6/20/19" "19:00:14" 0 0 
0 0 0 0 0 0 0 0 0 0 0 0 
0 0 0.000000 0 0 0.000000 0.000000 
0 0 0 0 0 0
0001001310 8 0 0 "Vbrace" ""  0
"T150X150" "A36" -90.000000 0 0
0.000000 0.000000 1.000000 2474500.0000 923500.0000 -92500.0000 2474500.0000 925500.0000 -90622.0000 0.000000 0.000000
0.000000 0.000000
0.0000 0.0000 0.0000 0.0000 0.0000 0.0000
0 0 0 0 0 0 0 0 0 0 0 0
0 ""  0 "6/20/19" "19:00:14" "6/20/19" "19:00:14" 0 0 
0 0 0 0 0 0 0 0 0 0 0 0 
0 0 0.000000 0 0 0.000000 0.000000 
0 0 0 0 0 0
0001001311 8 0 0 "Vbrace" ""  0
"T150X150" "A36" -90.000000 0 0
0.000000 0.000000 1.000000 2474500.0000 923500.0000 -90500.0000 2474500.0000 925500.0000 -88622.0000 0.000000 0.000000
0.000000 0.000000
0.0000 0.0000 0.0000 0.0000 0.0000 0.0000
0 0 0 0 0 0 0 0 0 0 0 0
0 ""  0 "6/20/19" "19:00:14" "6/20/19" "19:00:14" 0 0 
0 0 0 0 0 0 0 0 0 0 0 0 
0 0 0.000000 0 0 0.000000 0.000000 
0 0 0 0 0 0
0001001312 8 0 0 "Vbrace" ""  0
"T150X150" "A36" -90.000000 0 0
0.000000 0.000000 1.000000 2474500.0000 923500.0000 -88500.0000 2474500.0000 925500.0000 -86597.0000 0.000000 0.000000
0.000000 0.000000
0.0000 0.0000 0.0000 0.0000 0.0000 97.0000
0 0 0 0 0 0 0 0 0 0 0 0
0 ""  0 "6/20/19" "19:00:14" "7/02/19" "14:59:49" 0 0 
0 0 0 0 0 0 0 0 0 0 0 0 
0 0 0.000000 0 0 0.000000 0.000000 
0 0 0 0 0 0
0001001313 8 0 0 "Vbrace" ""  0
"T150X150" "JIS-SM490A" 270.000000 0 1
0.000000 0.000000 1.000000 2474500.0000 921500.0000 -86650.0000 2474500.0000 923500.0000 -88500.0000 0.000000 0.000000
0.000000 0.000000
0.0000 0.0000 150.0000 0.0000 0.0000 0.0000
0 0 0 0 0 0 0 0 0 0 0 0
0 ""  0 "6/20/19" "19:00:14" "6/21/19" "13:33:44" 0 0 
0 0 0 0 0 0 0 0 0 0 0 0 
0 0 0.000000 0 0 0.000000 0.000000 
0 0 0 0 0 0
0001001314 8 0 0 "Vbrace" ""  0
"T150X150" "JIS-SM490A" 90.000000 0 0
0.000000 0.000000 1.000000 2474500.0000 917000.0000 -86650.0000 2474500.0000 915000.0000 -88500.0000 0.000000 0.000000
0.000000 0.000000
0.0000 0.0000 150.0000 0.0000 0.0000 0.0000
0 0 0 0 0 0 0 0 0 0 0 0
0 ""  0 "6/20/19" "19:00:14" "6/21/19" "13:33:48" 0 0 
0 0 0 0 0 0 0 0 0 0 0 0 
0 0 0.000000 0 0 0.000000 0.000000 
0 0 0 0 0 0
0001001315 8 0 0 "Vbrace" ""  0
"T150X150" "JIS-SM490A" 90.000000 0 0
0.000000 0.000000 1.000000 2474500.0000 917000.0000 -88597.0000 2474500.0000 915000.0000 -90500.0000 0.000000 0.000000
0.000000 0.000000
0.0000 0.0000 0.0000 0.0000 0.0000 0.0000
0 0 0 0 0 0 0 0 0 0 0 0
0 ""  0 "6/20/19" "19:00:14" "6/20/19" "19:00:14" 0 0 
0 0 0 0 0 0 0 0 0 0 0 0 
0 0 0.000000 0 0 0.000000 0.000000 
0 0 0 0 0 0
0001001316 8 0 0 "Vbrace" ""  0
"T150X150" "JIS-SM490A" 270.000000 0 1
0.000000 0.000000 1.000000 2474500.0000 921500.0000 -88597.0000 2474500.0000 923500.0000 -90500.0000 0.000000 0.000000
0.000000 0.000000
0.0000 0.0000 0.0000 0.0000 0.0000 0.0000
0 0 0 0 0 0 0 0 0 0 0 0
0 ""  0 "6/20/19" "19:00:14" "6/20/19" "19:00:14" 0 0 
0 0 0 0 0 0 0 0 0 0 0 0 
0 0 0.000000 0 0 0.000000 0.000000 
0 0 0 0 0 0
0001001317 8 0 0 "Vbrace" ""  0
"T150X150" "JIS-SM490A" 270.000000 0 1
0.000000 0.000000 1.000000 2474500.0000 921500.0000 -90622.0000 2474500.0000 923500.0000 -92500.0000 0.000000 0.000000
0.000000 0.000000
0.0000 0.0000 0.0000 0.0000 0.0000 0.0000
0 0 0 0 0 0 0 0 0 0 0 0
0 ""  0 "6/20/19" "19:00:14" "6/20/19" "19:00:14" 0 0 
0 0 0 0 0 0 0 0 0 0 0 0 
0 0 0.000000 0 0 0.000000 0.000000 
0 0 0 0 0 0
0001001318 8 0 0 "Vbrace" ""  0
"T150X150" "JIS-SM490A" 90.000000 0 0
0.000000 0.000000 1.000000 2474500.0000 917000.0000 -90622.0000 2474500.0000 915000.0000 -92500.0000 0.000000 0.000000
0.000000 0.000000
0.0000 0.0000 0.0000 0.0000 0.0000 0.0000
0 0 0 0 0 0 0 0 0 0 0 0
0 ""  0 "6/20/19" "19:00:14" "6/20/19" "19:00:14" 0 0 
0 0 0 0 0 0 0 0 0 0 0 0 
0 0 0.000000 0 0 0.000000 0.000000 
0 0 0 0 0 0
0001001319 8 0 0 "Vbrace" ""  0
"T150X150" "JIS-SM490A" 270.000000 0 0
0.000000 0.000000 1.000000 2474500.0000 905055.7007 -92649.9992 2474500.0000 907000.0000 -94500.0000 0.000000 0.000000
0.000000 0.000000
0.0000 0.0000 0.0000 0.0000 0.0000 0.0000
0 0 0 0 0 0 0 0 0 0 0 0
0 ""  0 "6/20/19" "19:00:14" "6/20/19" "19:00:14" 0 0 
0 0 0 0 0 0 0 0 0 0 0 0 
0 0 0.000000 0 0 0.000000 0.000000 
0 0 0 0 0 0
0001001320 8 0 0 "Vbrace" ""  0
"T150X150" "JIS-SM490A" 270.000000 0 0
0.000000 0.000000 1.000000 2474500.0000 905055.7007 -90649.9992 2474500.0000 907000.0000 -92500.0000 0.000000 0.000000
0.000000 0.000000
0.0000 0.0000 0.0000 0.0000 0.0000 0.0000
0 0 0 0 0 0 0 0 0 0 0 0
0 ""  0 "6/20/19" "19:00:14" "6/20/19" "19:00:14" 0 0 
0 0 0 0 0 0 0 0 0 0 0 0 
0 0 0.000000 0 0 0.000000 0.000000 
0 0 0 0 0 0
0001001322 8 0 0 "Vbrace" ""  0
"T200X200" "JIS-SM490A" 90.000000 0 0
0.000000 0.000000 1.000000 2474500.0000 919250.0000 -96222.0000 2474500.0000 915000.0000 -92794.0000 0.000000 0.000000
0.000000 0.000000
0.0000 0.0000 0.0000 0.0000 0.0000 0.0000
0 0 0 0 0 0 0 0 0 0 0 0
0 ""  0 "6/20/19" "19:19:10" "6/20/19" "19:19:10" 0 0 
0 0 0 0 0 0 0 0 0 0 0 0 
0 0 0.000000 0 0 0.000000 0.000000 
0 0 0 0 0 0
0001001323 8 0 0 "Vbrace" ""  0
"T200X200" "JIS-SM490A" 270.000000 0 1
0.000000 0.000000 1.000000 2474500.0000 919250.0000 -96222.0000 2474500.0000 923500.0000 -92794.0000 0.000000 0.000000
0.000000 0.000000
0.0000 0.0000 0.0000 0.0000 0.0000 0.0000
0 0 0 0 0 0 0 0 0 0 0 0
0 ""  0 "6/20/19" "19:19:10" "6/20/19" "19:19:10" 0 0 
0 0 0 0 0 0 0 0 0 0 0 0 
0 0 0.000000 0 0 0.000000 0.000000 
0 0 0 0 0 0
0001001324 8 0 0 "Vbrace" ""  0
"T150X150" "A36" -90.000000 0 0
0.000000 0.000000 1.000000 2468500.0000 923500.0000 -88506.0000 2468500.0000 925500.0000 -86597.0000 0.000000 0.000000
0.000000 0.000000
0.0000 0.0000 0.0000 0.0000 0.0000 97.0000
0 0 0 0 0 0 0 0 0 0 0 0
0 ""  0 "6/21/19" "13:35:37" "7/02/19" "14:58:06" 0 0 
0 0 0 0 0 0 0 0 0 0 0 0 
0 0 0.000000 0 0 0.000000 0.000000 
0 0 0 0 0 0
0001001325 8 0 0 "Vbrace" ""  0
"T150X150" "JIS-SM490A" 270.000000 0 1
0.000000 0.000000 1.000000 2468500.0000 921500.0000 -86656.0000 2468500.0000 923500.0000 -88506.0000 0.000000 0.000000
0.000000 0.000000
0.0000 0.0000 150.0000 0.0000 0.0000 0.0000
0 0 0 0 0 0 0 0 0 0 0 0
0 ""  0 "6/21/19" "13:35:37" "6/21/19" "13:35:37" 0 0 
0 0 0 0 0 0 0 0 0 0 0 0 
0 0 0.000000 0 0 0.000000 0.000000 
0 0 0 0 0 0
0001001326 8 0 0 "Vbrace" ""  0
"T150X150" "JIS-SM490A" 90.000000 0 0
0.000000 0.000000 1.000000 2468500.0000 917000.0000 -86656.0000 2468500.0000 915000.0000 -88506.0000 0.000000 0.000000
0.000000 0.000000
0.0000 0.0000 150.0000 0.0000 0.0000 0.0000
0 0 0 0 0 0 0 0 0 0 0 0
0 ""  0 "6/21/19" "13:35:37" "6/21/19" "13:35:37" 0 0 
0 0 0 0 0 0 0 0 0 0 0 0 
0 0 0.000000 0 0 0.000000 0.000000 
0 0 0 0 0 0
0001001327 5 0 0 "Column" ""  0
"H150X150" "A36" 0.000000 0 0
1.000000 0.000000 0.000000 2468950.0000 907000.0000 -86500.0000 2468950.0000 907000.0000 -85150.0000 0.000000 0.000000
0.000000 0.000000
0.0000 0.0000 0.0000 0.0000 0.0000 0.0000
0 0 0 0 0 0 0 0 0 0 0 0
0 ""  0 "7/02/19" "14:45:02" "7/02/19" "20:47:06" 0 0 
0 0 0 0 0 0 0 0 0 0 0 0 
0 0 0.000000 0 0 0.000000 0.000000 
0 0 0 0 0 0
0001001328 8 0 0 "Beam" ""  0
"H150X150" "A36" 0.000000 0 0
0.000000 0.000000 1.000000 2468950.0000 907000.0000 -85150.0000 2470150.0000 907000.0000 -85150.0000 0.000000 0.000000
0.000000 0.000000
0.0000 0.0000 0.0000 0.0000 0.0000 0.0000
0 0 0 0 0 0 0 0 0 0 0 0
0 ""  0 "7/02/19" "14:45:02" "7/02/19" "20:46:49" 0 0 
0 0 0 0 0 0 0 0 0 0 0 0 
0 0 0.000000 0 0 0.000000 0.000000 
0 0 0 0 0 0
0001001329 8 0 0 "Beam" ""  0
"H100X100" "A36" 0.000000 0 0
0.000000 0.000000 1.000000 2468950.0000 907000.0000 -85600.0000 2470150.0000 907000.0000 -85600.0000 0.000000 0.000000
0.000000 0.000000
0.0000 0.0000 0.0000 0.0000 0.0000 0.0000
0 0 0 0 0 0 0 0 0 0 0 0
0 ""  0 "7/02/19" "14:45:02" "7/02/19" "20:46:49" 0 0 
0 0 0 0 0 0 0 0 0 0 0 0 
0 0 0.000000 0 0 0.000000 0.000000 
0 0 0 0 0 0
0001001330 8 0 0 "Beam" ""  0
"H100X100" "A36" 0.000000 0 0
0.000000 0.000000 1.000000 2468950.0000 907000.0000 -86050.0000 2470150.0000 907000.0000 -86050.0000 0.000000 0.000000
0.000000 0.000000
0.0000 0.0000 0.0000 0.0000 0.0000 0.0000
0 0 0 0 0 0 0 0 0 0 0 0
0 ""  0 "7/02/19" "14:45:02" "7/02/19" "20:46:49" 0 0 
0 0 0 0 0 0 0 0 0 0 0 0 
0 0 0.000000 0 0 0.000000 0.000000 
0 0 0 0 0 0
0001001331 5 0 0 "Column" ""  0
"H150X150" "A36" 0.000000 0 0
1.000000 0.000000 0.000000 2474100.0000 907000.0000 -86500.0000 2474100.0000 907000.0000 -85600.0000 0.000000 0.000000
0.000000 0.000000
0.0000 0.0000 0.0000 0.0000 0.0000 0.0000
0 0 0 0 0 0 0 0 0 0 0 0
0 ""  0 "7/02/19" "14:45:02" "7/02/19" "20:47:06" 0 0 
0 0 0 0 0 0 0 0 0 0 0 0 
0 0 0.000000 0 0 0.000000 0.000000 
0 0 0 0 0 0
0001001332 8 0 0 "Beam" ""  0
"H100X100" "A36" 0.000000 0 0
0.000000 0.000000 1.000000 2472900.0000 907000.0000 -85600.0000 2474100.0000 907000.0000 -85600.0000 0.000000 0.000000
0.000000 0.000000
0.0000 0.0000 0.0000 0.0000 0.0000 0.0000
0 0 0 0 0 0 0 0 0 0 0 0
0 ""  0 "7/02/19" "14:45:02" "7/02/19" "20:46:49" 0 0 
0 0 0 0 0 0 0 0 0 0 0 0 
0 0 0.000000 0 0 0.000000 0.000000 
0 0 0 0 0 0
0001001333 8 0 0 "Beam" ""  0
"H100X100" "A36" 0.000000 0 0
0.000000 0.000000 1.000000 2472900.0000 907000.0000 -86050.0000 2474100.0000 907000.0000 -86050.0000 0.000000 0.000000
0.000000 0.000000
0.0000 0.0000 0.0000 0.0000 0.0000 0.0000
0 0 0 0 0 0 0 0 0 0 0 0
0 ""  0 "7/02/19" "14:45:02" "7/02/19" "20:46:49" 0 0 
0 0 0 0 0 0 0 0 0 0 0 0 
0 0 0.000000 0 0 0.000000 0.000000 
0 0 0 0 0 0
0001001334 5 0 0 "Column" ""  0
"H150X150" "A36" 0.000000 0 0
1.000000 0.000000 0.000000 2468950.0000 904000.0000 -88500.0000 2468950.0000 904000.0000 -87150.0000 0.000000 0.000000
0.000000 0.000000
0.0000 0.0000 0.0000 0.0000 0.0000 0.0000
0 0 0 0 0 0 0 0 0 0 0 0
0 ""  0 "7/02/19" "14:47:42" "7/02/19" "14:47:42" 0 0 
0 0 0 0 0 0 0 0 0 0 0 0 
0 0 0.000000 0 0 0.000000 0.000000 
0 0 0 0 0 0
0001001335 8 0 0 "Beam" ""  0
"H150X150" "A36" 0.000000 0 0
0.000000 0.000000 1.000000 2468950.0000 904000.0000 -87150.0000 2470150.0000 904000.0000 -87150.0000 0.000000 0.000000
0.000000 0.000000
0.0000 0.0000 0.0000 0.0000 0.0000 0.0000
0 0 0 0 0 0 0 0 0 0 0 0
0 ""  0 "7/02/19" "14:47:42" "7/02/19" "14:47:42" 0 0 
0 0 0 0 0 0 0 0 0 0 0 0 
0 0 0.000000 0 0 0.000000 0.000000 
0 0 0 0 0 0
0001001336 8 0 0 "Beam" ""  0
"H100X100" "A36" 0.000000 0 0
0.000000 0.000000 1.000000 2468950.0000 904000.0000 -87600.0000 2470150.0000 904000.0000 -87600.0000 0.000000 0.000000
0.000000 0.000000
0.0000 0.0000 0.0000 0.0000 0.0000 0.0000
0 0 0 0 0 0 0 0 0 0 0 0
0 ""  0 "7/02/19" "14:47:42" "7/02/19" "14:47:42" 0 0 
0 0 0 0 0 0 0 0 0 0 0 0 
0 0 0.000000 0 0 0.000000 0.000000 
0 0 0 0 0 0
0001001337 8 0 0 "Beam" ""  0
"H100X100" "A36" 0.000000 0 0
0.000000 0.000000 1.000000 2468950.0000 904000.0000 -88050.0000 2470150.0000 904000.0000 -88050.0000 0.000000 0.000000
0.000000 0.000000
0.0000 0.0000 0.0000 0.0000 0.0000 0.0000
0 0 0 0 0 0 0 0 0 0 0 0
0 ""  0 "7/02/19" "14:47:42" "7/02/19" "14:47:42" 0 0 
0 0 0 0 0 0 0 0 0 0 0 0 
0 0 0.000000 0 0 0.000000 0.000000 
0 0 0 0 0 0
0001001338 5 0 0 "Column" ""  0
"H150X150" "A36" 0.000000 0 0
1.000000 0.000000 0.000000 2474100.0000 904000.0000 -88500.0000 2474100.0000 904000.0000 -87600.0000 0.000000 0.000000
0.000000 0.000000
0.0000 0.0000 0.0000 0.0000 0.0000 0.0000
0 0 0 0 0 0 0 0 0 0 0 0
0 ""  0 "7/02/19" "14:47:42" "7/02/19" "14:47:42" 0 0 
0 0 0 0 0 0 0 0 0 0 0 0 
0 0 0.000000 0 0 0.000000 0.000000 
0 0 0 0 0 0
0001001339 8 0 0 "Beam" ""  0
"H100X100" "A36" 0.000000 0 0
0.000000 0.000000 1.000000 2472900.0000 904000.0000 -87600.0000 2474100.0000 904000.0000 -87600.0000 0.000000 0.000000
0.000000 0.000000
0.0000 0.0000 0.0000 0.0000 0.0000 0.0000
0 0 0 0 0 0 0 0 0 0 0 0
0 ""  0 "7/02/19" "14:47:42" "7/02/19" "14:47:42" 0 0 
0 0 0 0 0 0 0 0 0 0 0 0 
0 0 0.000000 0 0 0.000000 0.000000 
0 0 0 0 0 0
0001001340 8 0 0 "Beam" ""  0
"H100X100" "A36" 0.000000 0 0
0.000000 0.000000 1.000000 2472900.0000 904000.0000 -88050.0000 2474100.0000 904000.0000 -88050.0000 0.000000 0.000000
0.000000 0.000000
0.0000 0.0000 0.0000 0.0000 0.0000 0.0000
0 0 0 0 0 0 0 0 0 0 0 0
0 ""  0 "7/02/19" "14:47:42" "7/02/19" "14:47:42" 0 0 
0 0 0 0 0 0 0 0 0 0 0 0 
0 0 0.000000 0 0 0.000000 0.000000 
0 0 0 0 0 0
0001001341 5 0 0 "Column" ""  0
"H150X150" "A36" 0.000000 0 0
1.000000 0.000000 0.000000 2468950.0000 909500.0000 -86500.0000 2468950.0000 909500.0000 -85150.0000 0.000000 0.000000
0.000000 0.000000
0.0000 0.0000 0.0000 0.0000 0.0000 0.0000
0 0 0 0 0 0 0 0 0 0 0 0
0 ""  0 "7/02/19" "14:48:11" "7/02/19" "14:48:11" 0 0 
0 0 0 0 0 0 0 0 0 0 0 0 
0 0 0.000000 0 0 0.000000 0.000000 
0 0 0 0 0 0
0001001342 8 0 0 "Beam" ""  0
"H150X150" "A36" 0.000000 0 0
0.000000 0.000000 1.000000 2468950.0000 909500.0000 -85150.0000 2470150.0000 909500.0000 -85150.0000 0.000000 0.000000
0.000000 0.000000
0.0000 0.0000 0.0000 0.0000 0.0000 0.0000
0 0 0 0 0 0 0 0 0 0 0 0
0 ""  0 "7/02/19" "14:48:11" "7/02/19" "14:48:11" 0 0 
0 0 0 0 0 0 0 0 0 0 0 0 
0 0 0.000000 0 0 0.000000 0.000000 
0 0 0 0 0 0
0001001343 8 0 0 "Beam" ""  0
"H100X100" "A36" 0.000000 0 0
0.000000 0.000000 1.000000 2468950.0000 909500.0000 -85600.0000 2470150.0000 909500.0000 -85600.0000 0.000000 0.000000
0.000000 0.000000
0.0000 0.0000 0.0000 0.0000 0.0000 0.0000
0 0 0 0 0 0 0 0 0 0 0 0
0 ""  0 "7/02/19" "14:48:11" "7/02/19" "14:48:11" 0 0 
0 0 0 0 0 0 0 0 0 0 0 0 
0 0 0.000000 0 0 0.000000 0.000000 
0 0 0 0 0 0
0001001344 8 0 0 "Beam" ""  0
"H100X100" "A36" 0.000000 0 0
0.000000 0.000000 1.000000 2468950.0000 909500.0000 -86050.0000 2470150.0000 909500.0000 -86050.0000 0.000000 0.000000
0.000000 0.000000
0.0000 0.0000 0.0000 0.0000 0.0000 0.0000
0 0 0 0 0 0 0 0 0 0 0 0
0 ""  0 "7/02/19" "14:48:11" "7/02/19" "14:48:11" 0 0 
0 0 0 0 0 0 0 0 0 0 0 0 
0 0 0.000000 0 0 0.000000 0.000000 
0 0 0 0 0 0
0001001345 5 0 0 "Column" ""  0
"H150X150" "A36" 0.000000 0 0
1.000000 0.000000 0.000000 2474100.0000 909500.0000 -86500.0000 2474100.0000 909500.0000 -85600.0000 0.000000 0.000000
0.000000 0.000000
0.0000 0.0000 0.0000 0.0000 0.0000 0.0000
0 0 0 0 0 0 0 0 0 0 0 0
0 ""  0 "7/02/19" "14:48:11" "7/02/19" "14:48:11" 0 0 
0 0 0 0 0 0 0 0 0 0 0 0 
0 0 0.000000 0 0 0.000000 0.000000 
0 0 0 0 0 0
0001001346 8 0 0 "Beam" ""  0
"H100X100" "A36" 0.000000 0 0
0.000000 0.000000 1.000000 2472900.0000 909500.0000 -85600.0000 2474100.0000 909500.0000 -85600.0000 0.000000 0.000000
0.000000 0.000000
0.0000 0.0000 0.0000 0.0000 0.0000 0.0000
0 0 0 0 0 0 0 0 0 0 0 0
0 ""  0 "7/02/19" "14:48:11" "7/02/19" "14:48:11" 0 0 
0 0 0 0 0 0 0 0 0 0 0 0 
0 0 0.000000 0 0 0.000000 0.000000 
0 0 0 0 0 0
0001001347 8 0 0 "Beam" ""  0
"H100X100" "A36" 0.000000 0 0
0.000000 0.000000 1.000000 2472900.0000 909500.0000 -86050.0000 2474100.0000 909500.0000 -86050.0000 0.000000 0.000000
0.000000 0.000000
0.0000 0.0000 0.0000 0.0000 0.0000 0.0000
0 0 0 0 0 0 0 0 0 0 0 0
0 ""  0 "7/02/19" "14:48:11" "7/02/19" "14:48:11" 0 0 
0 0 0 0 0 0 0 0 0 0 0 0 
0 0 0.000000 0 0 0.000000 0.000000 
0 0 0 0 0 0
0001001348 5 0 0 "Column" ""  0
"H150X150" "A36" 0.000000 0 0
1.000000 0.000000 0.000000 2468950.0000 912500.0000 -86500.0000 2468950.0000 912500.0000 -85150.0000 0.000000 0.000000
0.000000 0.000000
0.0000 0.0000 0.0000 0.0000 0.0000 0.0000
0 0 0 0 0 0 0 0 0 0 0 0
0 ""  0 "7/02/19" "14:48:20" "7/02/19" "14:48:20" 0 0 
0 0 0 0 0 0 0 0 0 0 0 0 
0 0 0.000000 0 0 0.000000 0.000000 
0 0 0 0 0 0
0001001349 8 0 0 "Beam" ""  0
"H150X150" "A36" 0.000000 0 0
0.000000 0.000000 1.000000 2468950.0000 912500.0000 -85150.0000 2470150.0000 912500.0000 -85150.0000 0.000000 0.000000
0.000000 0.000000
0.0000 0.0000 0.0000 0.0000 0.0000 0.0000
0 0 0 0 0 0 0 0 0 0 0 0
0 ""  0 "7/02/19" "14:48:20" "7/02/19" "14:48:20" 0 0 
0 0 0 0 0 0 0 0 0 0 0 0 
0 0 0.000000 0 0 0.000000 0.000000 
0 0 0 0 0 0
0001001350 8 0 0 "Beam" ""  0
"H100X100" "A36" 0.000000 0 0
0.000000 0.000000 1.000000 2468950.0000 912500.0000 -85600.0000 2470150.0000 912500.0000 -85600.0000 0.000000 0.000000
0.000000 0.000000
0.0000 0.0000 0.0000 0.0000 0.0000 0.0000
0 0 0 0 0 0 0 0 0 0 0 0
0 ""  0 "7/02/19" "14:48:20" "7/02/19" "14:48:20" 0 0 
0 0 0 0 0 0 0 0 0 0 0 0 
0 0 0.000000 0 0 0.000000 0.000000 
0 0 0 0 0 0
0001001351 8 0 0 "Beam" ""  0
"H100X100" "A36" 0.000000 0 0
0.000000 0.000000 1.000000 2468950.0000 912500.0000 -86050.0000 2470150.0000 912500.0000 -86050.0000 0.000000 0.000000
0.000000 0.000000
0.0000 0.0000 0.0000 0.0000 0.0000 0.0000
0 0 0 0 0 0 0 0 0 0 0 0
0 ""  0 "7/02/19" "14:48:20" "7/02/19" "14:48:20" 0 0 
0 0 0 0 0 0 0 0 0 0 0 0 
0 0 0.000000 0 0 0.000000 0.000000 
0 0 0 0 0 0
0001001352 5 0 0 "Column" ""  0
"H150X150" "A36" 0.000000 0 0
1.000000 0.000000 0.000000 2474100.0000 912500.0000 -86500.0000 2474100.0000 912500.0000 -85600.0000 0.000000 0.000000
0.000000 0.000000
0.0000 0.0000 0.0000 0.0000 0.0000 0.0000
0 0 0 0 0 0 0 0 0 0 0 0
0 ""  0 "7/02/19" "14:48:20" "7/02/19" "14:48:20" 0 0 
0 0 0 0 0 0 0 0 0 0 0 0 
0 0 0.000000 0 0 0.000000 0.000000 
0 0 0 0 0 0
0001001353 8 0 0 "Beam" ""  0
"H100X100" "A36" 0.000000 0 0
0.000000 0.000000 1.000000 2472900.0000 912500.0000 -85600.0000 2474100.0000 912500.0000 -85600.0000 0.000000 0.000000
0.000000 0.000000
0.0000 0.0000 0.0000 0.0000 0.0000 0.0000
0 0 0 0 0 0 0 0 0 0 0 0
0 ""  0 "7/02/19" "14:48:20" "7/02/19" "14:48:20" 0 0 
0 0 0 0 0 0 0 0 0 0 0 0 
0 0 0.000000 0 0 0.000000 0.000000 
0 0 0 0 0 0
0001001354 8 0 0 "Beam" ""  0
"H100X100" "A36" 0.000000 0 0
0.000000 0.000000 1.000000 2472900.0000 912500.0000 -86050.0000 2474100.0000 912500.0000 -86050.0000 0.000000 0.000000
0.000000 0.000000
0.0000 0.0000 0.0000 0.0000 0.0000 0.0000
0 0 0 0 0 0 0 0 0 0 0 0
0 ""  0 "7/02/19" "14:48:20" "7/02/19" "14:48:20" 0 0 
0 0 0 0 0 0 0 0 0 0 0 0 
0 0 0.000000 0 0 0.000000 0.000000 
0 0 0 0 0 0
0001001355 5 0 0 "Column" ""  0
"H150X150" "A36" 0.000000 0 0
1.000000 0.000000 0.000000 2468950.0000 915000.0000 -86500.0000 2468950.0000 915000.0000 -85150.0000 0.000000 0.000000
0.000000 0.000000
0.0000 0.0000 0.0000 0.0000 0.0000 0.0000
0 0 0 0 0 0 0 0 0 0 0 0
0 ""  0 "7/02/19" "14:48:38" "7/02/19" "20:47:54" 0 0 
0 0 0 0 0 0 0 0 0 0 0 0 
0 0 0.000000 0 0 0.000000 0.000000 
0 0 0 0 0 0
0001001356 8 0 0 "Beam" ""  0
"H150X150" "A36" 0.000000 0 0
0.000000 0.000000 1.000000 2468950.0000 915000.0000 -85150.0000 2470150.0000 915000.0000 -85150.0000 0.000000 0.000000
0.000000 0.000000
0.0000 0.0000 0.0000 0.0000 0.0000 0.0000
0 0 0 0 0 0 0 0 0 0 0 0
0 ""  0 "7/02/19" "14:48:38" "7/02/19" "20:47:36" 0 0 
0 0 0 0 0 0 0 0 0 0 0 0 
0 0 0.000000 0 0 0.000000 0.000000 
0 0 0 0 0 0
0001001357 8 0 0 "Beam" ""  0
"H100X100" "A36" 0.000000 0 0
0.000000 0.000000 1.000000 2468950.0000 915000.0000 -85600.0000 2470150.0000 915000.0000 -85600.0000 0.000000 0.000000
0.000000 0.000000
0.0000 0.0000 0.0000 0.0000 0.0000 0.0000
0 0 0 0 0 0 0 0 0 0 0 0
0 ""  0 "7/02/19" "14:48:38" "7/02/19" "20:47:36" 0 0 
0 0 0 0 0 0 0 0 0 0 0 0 
0 0 0.000000 0 0 0.000000 0.000000 
0 0 0 0 0 0
0001001358 8 0 0 "Beam" ""  0
"H100X100" "A36" 0.000000 0 0
0.000000 0.000000 1.000000 2468950.0000 915000.0000 -86050.0000 2470150.0000 915000.0000 -86050.0000 0.000000 0.000000
0.000000 0.000000
0.0000 0.0000 0.0000 0.0000 0.0000 0.0000
0 0 0 0 0 0 0 0 0 0 0 0
0 ""  0 "7/02/19" "14:48:38" "7/02/19" "20:47:36" 0 0 
0 0 0 0 0 0 0 0 0 0 0 0 
0 0 0.000000 0 0 0.000000 0.000000 
0 0 0 0 0 0
0001001359 5 0 0 "Column" ""  0
"H150X150" "A36" 0.000000 0 0
1.000000 0.000000 0.000000 2474100.0000 915000.0000 -86500.0000 2474100.0000 915000.0000 -85600.0000 0.000000 0.000000
0.000000 0.000000
0.0000 0.0000 0.0000 0.0000 0.0000 0.0000
0 0 0 0 0 0 0 0 0 0 0 0
0 ""  0 "7/02/19" "14:48:38" "7/02/19" "20:48:02" 0 0 
0 0 0 0 0 0 0 0 0 0 0 0 
0 0 0.000000 0 0 0.000000 0.000000 
0 0 0 0 0 0
0001001360 8 0 0 "Beam" ""  0
"H100X100" "A36" 0.000000 0 0
0.000000 0.000000 1.000000 2472900.0000 915000.0000 -85600.0000 2474100.0000 915000.0000 -85600.0000 0.000000 0.000000
0.000000 0.000000
0.0000 0.0000 0.0000 0.0000 0.0000 0.0000
0 0 0 0 0 0 0 0 0 0 0 0
0 ""  0 "7/02/19" "14:48:38" "7/02/19" "20:47:36" 0 0 
0 0 0 0 0 0 0 0 0 0 0 0 
0 0 0.000000 0 0 0.000000 0.000000 
0 0 0 0 0 0
0001001361 8 0 0 "Beam" ""  0
"H100X100" "A36" 0.000000 0 0
0.000000 0.000000 1.000000 2472900.0000 915000.0000 -86050.0000 2474100.0000 915000.0000 -86050.0000 0.000000 0.000000
0.000000 0.000000
0.0000 0.0000 0.0000 0.0000 0.0000 0.0000
0 0 0 0 0 0 0 0 0 0 0 0
0 ""  0 "7/02/19" "14:48:38" "7/02/19" "20:47:36" 0 0 
0 0 0 0 0 0 0 0 0 0 0 0 
0 0 0.000000 0 0 0.000000 0.000000 
0 0 0 0 0 0
0001001362 5 0 0 "Column" ""  0
"H150X150" "A36" 0.000000 0 0
1.000000 0.000000 0.000000 2468950.0000 918000.0000 -86500.0000 2468950.0000 918000.0000 -85150.0000 0.000000 0.000000
0.000000 0.000000
0.0000 0.0000 0.0000 0.0000 0.0000 0.0000
0 0 0 0 0 0 0 0 0 0 0 0
0 ""  0 "7/02/19" "14:48:47" "7/02/19" "14:48:47" 0 0 
0 0 0 0 0 0 0 0 0 0 0 0 
0 0 0.000000 0 0 0.000000 0.000000 
0 0 0 0 0 0
0001001363 8 0 0 "Beam" ""  0
"H150X150" "A36" 0.000000 0 0
0.000000 0.000000 1.000000 2468950.0000 918000.0000 -85150.0000 2470150.0000 918000.0000 -85150.0000 0.000000 0.000000
0.000000 0.000000
0.0000 0.0000 0.0000 0.0000 0.0000 0.0000
0 0 0 0 0 0 0 0 0 0 0 0
0 ""  0 "7/02/19" "14:48:47" "7/02/19" "14:48:47" 0 0 
0 0 0 0 0 0 0 0 0 0 0 0 
0 0 0.000000 0 0 0.000000 0.000000 
0 0 0 0 0 0
0001001364 8 0 0 "Beam" ""  0
"H100X100" "A36" 0.000000 0 0
0.000000 0.000000 1.000000 2468950.0000 918000.0000 -85600.0000 2470150.0000 918000.0000 -85600.0000 0.000000 0.000000
0.000000 0.000000
0.0000 0.0000 0.0000 0.0000 0.0000 0.0000
0 0 0 0 0 0 0 0 0 0 0 0
0 ""  0 "7/02/19" "14:48:47" "7/02/19" "14:48:47" 0 0 
0 0 0 0 0 0 0 0 0 0 0 0 
0 0 0.000000 0 0 0.000000 0.000000 
0 0 0 0 0 0
0001001365 8 0 0 "Beam" ""  0
"H100X100" "A36" 0.000000 0 0
0.000000 0.000000 1.000000 2468950.0000 918000.0000 -86050.0000 2470150.0000 918000.0000 -86050.0000 0.000000 0.000000
0.000000 0.000000
0.0000 0.0000 0.0000 0.0000 0.0000 0.0000
0 0 0 0 0 0 0 0 0 0 0 0
0 ""  0 "7/02/19" "14:48:47" "7/02/19" "14:48:47" 0 0 
0 0 0 0 0 0 0 0 0 0 0 0 
0 0 0.000000 0 0 0.000000 0.000000 
0 0 0 0 0 0
0001001366 5 0 0 "Column" ""  0
"H150X150" "A36" 0.000000 0 0
1.000000 0.000000 0.000000 2474100.0000 918000.0000 -86500.0000 2474100.0000 918000.0000 -85600.0000 0.000000 0.000000
0.000000 0.000000
0.0000 0.0000 0.0000 0.0000 0.0000 0.0000
0 0 0 0 0 0 0 0 0 0 0 0
0 ""  0 "7/02/19" "14:48:47" "7/02/19" "14:48:47" 0 0 
0 0 0 0 0 0 0 0 0 0 0 0 
0 0 0.000000 0 0 0.000000 0.000000 
0 0 0 0 0 0
0001001367 8 0 0 "Beam" ""  0
"H100X100" "A36" 0.000000 0 0
0.000000 0.000000 1.000000 2472900.0000 918000.0000 -85600.0000 2474100.0000 918000.0000 -85600.0000 0.000000 0.000000
0.000000 0.000000
0.0000 0.0000 0.0000 0.0000 0.0000 0.0000
0 0 0 0 0 0 0 0 0 0 0 0
0 ""  0 "7/02/19" "14:48:47" "7/02/19" "14:48:47" 0 0 
0 0 0 0 0 0 0 0 0 0 0 0 
0 0 0.000000 0 0 0.000000 0.000000 
0 0 0 0 0 0
0001001368 8 0 0 "Beam" ""  0
"H100X100" "A36" 0.000000 0 0
0.000000 0.000000 1.000000 2472900.0000 918000.0000 -86050.0000 2474100.0000 918000.0000 -86050.0000 0.000000 0.000000
0.000000 0.000000
0.0000 0.0000 0.0000 0.0000 0.0000 0.0000
0 0 0 0 0 0 0 0 0 0 0 0
0 ""  0 "7/02/19" "14:48:47" "7/02/19" "14:48:47" 0 0 
0 0 0 0 0 0 0 0 0 0 0 0 
0 0 0.000000 0 0 0.000000 0.000000 
0 0 0 0 0 0
0001001369 5 0 0 "Column" ""  0
"H150X150" "A36" 0.000000 0 0
1.000000 0.000000 0.000000 2468950.0000 920500.0000 -86500.0000 2468950.0000 920500.0000 -85150.0000 0.000000 0.000000
0.000000 0.000000
0.0000 0.0000 0.0000 0.0000 0.0000 0.0000
0 0 0 0 0 0 0 0 0 0 0 0
0 ""  0 "7/02/19" "14:48:59" "7/02/19" "14:48:59" 0 0 
0 0 0 0 0 0 0 0 0 0 0 0 
0 0 0.000000 0 0 0.000000 0.000000 
0 0 0 0 0 0
0001001370 8 0 0 "Beam" ""  0
"H150X150" "A36" 0.000000 0 0
0.000000 0.000000 1.000000 2468950.0000 920500.0000 -85150.0000 2470150.0000 920500.0000 -85150.0000 0.000000 0.000000
0.000000 0.000000
0.0000 0.0000 0.0000 0.0000 0.0000 0.0000
0 0 0 0 0 0 0 0 0 0 0 0
0 ""  0 "7/02/19" "14:48:59" "7/02/19" "14:48:59" 0 0 
0 0 0 0 0 0 0 0 0 0 0 0 
0 0 0.000000 0 0 0.000000 0.000000 
0 0 0 0 0 0
0001001371 8 0 0 "Beam" ""  0
"H100X100" "A36" 0.000000 0 0
0.000000 0.000000 1.000000 2468950.0000 920500.0000 -85600.0000 2470150.0000 920500.0000 -85600.0000 0.000000 0.000000
0.000000 0.000000
0.0000 0.0000 0.0000 0.0000 0.0000 0.0000
0 0 0 0 0 0 0 0 0 0 0 0
0 ""  0 "7/02/19" "14:48:59" "7/02/19" "14:48:59" 0 0 
0 0 0 0 0 0 0 0 0 0 0 0 
0 0 0.000000 0 0 0.000000 0.000000 
0 0 0 0 0 0
0001001372 8 0 0 "Beam" ""  0
"H100X100" "A36" 0.000000 0 0
0.000000 0.000000 1.000000 2468950.0000 920500.0000 -86050.0000 2470150.0000 920500.0000 -86050.0000 0.000000 0.000000
0.000000 0.000000
0.0000 0.0000 0.0000 0.0000 0.0000 0.0000
0 0 0 0 0 0 0 0 0 0 0 0
0 ""  0 "7/02/19" "14:48:59" "7/02/19" "14:48:59" 0 0 
0 0 0 0 0 0 0 0 0 0 0 0 
0 0 0.000000 0 0 0.000000 0.000000 
0 0 0 0 0 0
0001001373 5 0 0 "Column" ""  0
"H150X150" "A36" 0.000000 0 0
1.000000 0.000000 0.000000 2474100.0000 920500.0000 -86500.0000 2474100.0000 920500.0000 -85600.0000 0.000000 0.000000
0.000000 0.000000
0.0000 0.0000 0.0000 0.0000 0.0000 0.0000
0 0 0 0 0 0 0 0 0 0 0 0
0 ""  0 "7/02/19" "14:48:59" "7/02/19" "14:48:59" 0 0 
0 0 0 0 0 0 0 0 0 0 0 0 
0 0 0.000000 0 0 0.000000 0.000000 
0 0 0 0 0 0
0001001374 8 0 0 "Beam" ""  0
"H100X100" "A36" 0.000000 0 0
0.000000 0.000000 1.000000 2472900.0000 920500.0000 -85600.0000 2474100.0000 920500.0000 -85600.0000 0.000000 0.000000
0.000000 0.000000
0.0000 0.0000 0.0000 0.0000 0.0000 0.0000
0 0 0 0 0 0 0 0 0 0 0 0
0 ""  0 "7/02/19" "14:48:59" "7/02/19" "14:48:59" 0 0 
0 0 0 0 0 0 0 0 0 0 0 0 
0 0 0.000000 0 0 0.000000 0.000000 
0 0 0 0 0 0
0001001375 8 0 0 "Beam" ""  0
"H100X100" "A36" 0.000000 0 0
0.000000 0.000000 1.000000 2472900.0000 920500.0000 -86050.0000 2474100.0000 920500.0000 -86050.0000 0.000000 0.000000
0.000000 0.000000
0.0000 0.0000 0.0000 0.0000 0.0000 0.0000
0 0 0 0 0 0 0 0 0 0 0 0
0 ""  0 "7/02/19" "14:48:59" "7/02/19" "14:48:59" 0 0 
0 0 0 0 0 0 0 0 0 0 0 0 
0 0 0.000000 0 0 0.000000 0.000000 
0 0 0 0 0 0
0001001376 5 0 0 "Column" ""  0
"H150X150" "A36" 0.000000 0 0
1.000000 0.000000 0.000000 2468950.0000 925500.0000 -86500.0000 2468950.0000 925500.0000 -85150.0000 0.000000 0.000000
0.000000 0.000000
0.0000 0.0000 0.0000 0.0000 0.0000 0.0000
0 0 0 0 0 0 0 0 0 0 0 0
0 ""  0 "7/02/19" "14:49:14" "7/02/19" "14:49:14" 0 0 
0 0 0 0 0 0 0 0 0 0 0 0 
0 0 0.000000 0 0 0.000000 0.000000 
0 0 0 0 0 0
0001001377 8 0 0 "Beam" ""  0
"H150X150" "A36" 0.000000 0 0
0.000000 0.000000 1.000000 2468950.0000 925500.0000 -85150.0000 2470150.0000 925500.0000 -85150.0000 0.000000 0.000000
0.000000 0.000000
0.0000 0.0000 0.0000 0.0000 0.0000 0.0000
0 0 0 0 0 0 0 0 0 0 0 0
0 ""  0 "7/02/19" "14:49:14" "7/02/19" "14:49:14" 0 0 
0 0 0 0 0 0 0 0 0 0 0 0 
0 0 0.000000 0 0 0.000000 0.000000 
0 0 0 0 0 0
0001001378 8 0 0 "Beam" ""  0
"H100X100" "A36" 0.000000 0 0
0.000000 0.000000 1.000000 2468950.0000 925500.0000 -85600.0000 2470150.0000 925500.0000 -85600.0000 0.000000 0.000000
0.000000 0.000000
0.0000 0.0000 0.0000 0.0000 0.0000 0.0000
0 0 0 0 0 0 0 0 0 0 0 0
0 ""  0 "7/02/19" "14:49:14" "7/02/19" "14:49:14" 0 0 
0 0 0 0 0 0 0 0 0 0 0 0 
0 0 0.000000 0 0 0.000000 0.000000 
0 0 0 0 0 0
0001001379 8 0 0 "Beam" ""  0
"H100X100" "A36" 0.000000 0 0
0.000000 0.000000 1.000000 2468950.0000 925500.0000 -86050.0000 2470150.0000 925500.0000 -86050.0000 0.000000 0.000000
0.000000 0.000000
0.0000 0.0000 0.0000 0.0000 0.0000 0.0000
0 0 0 0 0 0 0 0 0 0 0 0
0 ""  0 "7/02/19" "14:49:14" "7/02/19" "14:49:14" 0 0 
0 0 0 0 0 0 0 0 0 0 0 0 
0 0 0.000000 0 0 0.000000 0.000000 
0 0 0 0 0 0
0001001380 5 0 0 "Column" ""  0
"H150X150" "A36" 0.000000 0 0
1.000000 0.000000 0.000000 2474100.0000 925500.0000 -86500.0000 2474100.0000 925500.0000 -85600.0000 0.000000 0.000000
0.000000 0.000000
0.0000 0.0000 0.0000 0.0000 0.0000 0.0000
0 0 0 0 0 0 0 0 0 0 0 0
0 ""  0 "7/02/19" "14:49:14" "7/02/19" "14:49:14" 0 0 
0 0 0 0 0 0 0 0 0 0 0 0 
0 0 0.000000 0 0 0.000000 0.000000 
0 0 0 0 0 0
0001001381 8 0 0 "Beam" ""  0
"H100X100" "A36" 0.000000 0 0
0.000000 0.000000 1.000000 2472900.0000 925500.0000 -85600.0000 2474100.0000 925500.0000 -85600.0000 0.000000 0.000000
0.000000 0.000000
0.0000 0.0000 0.0000 0.0000 0.0000 0.0000
0 0 0 0 0 0 0 0 0 0 0 0
0 ""  0 "7/02/19" "14:49:14" "7/02/19" "14:49:14" 0 0 
0 0 0 0 0 0 0 0 0 0 0 0 
0 0 0.000000 0 0 0.000000 0.000000 
0 0 0 0 0 0
0001001382 8 0 0 "Beam" ""  0
"H100X100" "A36" 0.000000 0 0
0.000000 0.000000 1.000000 2472900.0000 925500.0000 -86050.0000 2474100.0000 925500.0000 -86050.0000 0.000000 0.000000
0.000000 0.000000
0.0000 0.0000 0.0000 0.0000 0.0000 0.0000
0 0 0 0 0 0 0 0 0 0 0 0
0 ""  0 "7/02/19" "14:49:14" "7/02/19" "14:49:14" 0 0 
0 0 0 0 0 0 0 0 0 0 0 0 
0 0 0.000000 0 0 0.000000 0.000000 
0 0 0 0 0 0
0001001383 5 0 0 "Column" ""  0
"H150X150" "A36" 0.000000 0 0
1.000000 0.000000 0.000000 2468950.0000 923500.0000 -86500.0000 2468950.0000 923500.0000 -85150.0000 0.000000 0.000000
0.000000 0.000000
0.0000 0.0000 0.0000 0.0000 0.0000 0.0000
0 0 0 0 0 0 0 0 0 0 0 0
0 ""  0 "7/02/19" "14:49:44" "7/02/19" "20:48:43" 0 0 
0 0 0 0 0 0 0 0 0 0 0 0 
0 0 0.000000 0 0 0.000000 0.000000 
0 0 0 0 0 0
0001001384 8 0 0 "Beam" ""  0
"H150X150" "A36" 0.000000 0 0
0.000000 0.000000 1.000000 2468950.0000 923500.0000 -85150.0000 2470150.0000 923500.0000 -85150.0000 0.000000 0.000000
0.000000 0.000000
0.0000 0.0000 0.0000 0.0000 0.0000 0.0000
0 0 0 0 0 0 0 0 0 0 0 0
0 ""  0 "7/02/19" "14:49:44" "7/02/19" "20:48:24" 0 0 
0 0 0 0 0 0 0 0 0 0 0 0 
0 0 0.000000 0 0 0.000000 0.000000 
0 0 0 0 0 0
0001001385 8 0 0 "Beam" ""  0
"H100X100" "A36" 0.000000 0 0
0.000000 0.000000 1.000000 2468950.0000 923500.0000 -85600.0000 2470150.0000 923500.0000 -85600.0000 0.000000 0.000000
0.000000 0.000000
0.0000 0.0000 0.0000 0.0000 0.0000 0.0000
0 0 0 0 0 0 0 0 0 0 0 0
0 ""  0 "7/02/19" "14:49:44" "7/02/19" "20:48:24" 0 0 
0 0 0 0 0 0 0 0 0 0 0 0 
0 0 0.000000 0 0 0.000000 0.000000 
0 0 0 0 0 0
0001001386 8 0 0 "Beam" ""  0
"H100X100" "A36" 0.000000 0 0
0.000000 0.000000 1.000000 2468950.0000 923500.0000 -86050.0000 2470150.0000 923500.0000 -86050.0000 0.000000 0.000000
0.000000 0.000000
0.0000 0.0000 0.0000 0.0000 0.0000 0.0000
0 0 0 0 0 0 0 0 0 0 0 0
0 ""  0 "7/02/19" "14:49:44" "7/02/19" "20:48:24" 0 0 
0 0 0 0 0 0 0 0 0 0 0 0 
0 0 0.000000 0 0 0.000000 0.000000 
0 0 0 0 0 0
0001001387 5 0 0 "Column" ""  0
"H150X150" "A36" 0.000000 0 0
1.000000 0.000000 0.000000 2474100.0000 923500.0000 -86500.0000 2474100.0000 923500.0000 -85600.0000 0.000000 0.000000
0.000000 0.000000
0.0000 0.0000 0.0000 0.0000 0.0000 0.0000
0 0 0 0 0 0 0 0 0 0 0 0
0 ""  0 "7/02/19" "14:49:44" "7/02/19" "20:48:36" 0 0 
0 0 0 0 0 0 0 0 0 0 0 0 
0 0 0.000000 0 0 0.000000 0.000000 
0 0 0 0 0 0
0001001388 8 0 0 "Beam" ""  0
"H100X100" "A36" 0.000000 0 0
0.000000 0.000000 1.000000 2472900.0000 923500.0000 -85600.0000 2474100.0000 923500.0000 -85600.0000 0.000000 0.000000
0.000000 0.000000
0.0000 0.0000 0.0000 0.0000 0.0000 0.0000
0 0 0 0 0 0 0 0 0 0 0 0
0 ""  0 "7/02/19" "14:49:44" "7/02/19" "20:48:24" 0 0 
0 0 0 0 0 0 0 0 0 0 0 0 
0 0 0.000000 0 0 0.000000 0.000000 
0 0 0 0 0 0
0001001389 8 0 0 "Beam" ""  0
"H100X100" "A36" 0.000000 0 0
0.000000 0.000000 1.000000 2472900.0000 923500.0000 -86050.0000 2474100.0000 923500.0000 -86050.0000 0.000000 0.000000
0.000000 0.000000
0.0000 0.0000 0.0000 0.0000 0.0000 0.0000
0 0 0 0 0 0 0 0 0 0 0 0
0 ""  0 "7/02/19" "14:49:44" "7/02/19" "20:48:24" 0 0 
0 0 0 0 0 0 0 0 0 0 0 0 
0 0 0.000000 0 0 0.000000 0.000000 
0 0 0 0 0 0
0001001390 8 0 0 "Vbrace" ""  0
"T150X150" "JIS-SM490A" 270.000000 0 0
0.000000 0.000000 1.000000 2474500.0000 905000.0000 -88597.0000 2474500.0000 907000.0000 -90500.0000 0.000000 0.000000
0.000000 0.000000
0.0000 0.0000 0.0000 0.0000 0.0000 0.0000
0 0 0 0 0 0 0 0 0 0 0 0
0 ""  0 "7/02/19" "15:00:24" "7/02/19" "15:00:24" 0 0 
0 0 0 0 0 0 0 0 0 0 0 0 
0 0 0.000000 0 0 0.000000 0.000000 
0 0 0 0 0 0
